1732.34 3159.05	
1699.18 3152.25	
1704.77 3137.76	
1699.28 3149.78	
1749.32 3160.62	
1757.18 3151.68	
1751.97 3164.48	
1687.82 3158.13	
1703.94 3187.14	
1717.56 3150.61	
1734.14 3181.29	
1692.44 3176.17	
1746.72 3149.24	
1725.20 3154.05	
1745.46 3138.32	
1753.85 3162.21	
1724.89 3171.79	
1739.32 3197.35	
1723.92 3143.63	
1735.71 3159.53	
1730.86 3167.84	
1733.79 3175.65	
1763.66 3162.26	
1751.75 3162.32	
1687.89 3177.98	
1691.46 3153.82	
1751.07 3193.50	
1701.26 3185.07	
1749.07 3162.23	
1750.33 3146.21	
1751.80 3169.97	
1744.84 3170.27	
1726.34 3210.27	
1732.02 3141.82	
1703.65 3141.48	
1754.54 3165.24	
1729.74 3177.97	
1689.06 3156.70	
