# Object Xpix        Ypix        DisFromSN   Sub    S/N 435  S/N 555  S/N 625  S/N 814   AbsMag 435 AbsMag 555 AbsMag 625 AbsMag 814 Sharp Round Crowd  Sharp 435   555   625   814 Round 435   555  625   814 Crowd 435  555  625  814
1.0000 1  1754.2000   3208.5900   40.2968   0.9240   1.3000   3.9000   9.5000   18.1000   -2.9350   -4.6150   -5.6590   -6.5290   -0.2240   0.1200   0.0860
1.0000 29 1699.7800   3150.2800   42.9830   -0.4020   17.3000   12.5000   11.5000   7.5000   -6.0890   -6.0760   -5.9800   -5.5240   -0.0200   0.2870   0.2100
1.0000 30 1749.8200   3161.1200   17.2329   0.9150   7.9000   7.3000   9.4000   17.4000   -5.0620   -5.4140   -5.6730   -6.5340   -0.1160   0.2070   0.2900
1.0000 2  1757.6800   3152.1800   29.0636   1.6520   -0.5000   0.3000   3.4000   8.4000   68.0750   -1.7780   -4.4650   -6.0630   -0.1400   0.1450   0.2970
1.0000 0  1752.4700   3164.9800   17.3836   -0.2120   15.6000   11.1000   11.5000   8.6000   -5.9920   -5.8920   -5.9080   -5.6420   -0.1010   0.1310   0.2970
1.0000 0  1704.4400   3187.6400   35.7240   -0.4650   15.0000   9.0000   8.7000   5.1000   -5.9250   -5.6390   -5.5790   -5.0600   0.1170   0.5460   0.1230
1.0000 3  1718.0600   3151.1100   28.2151   0.6080   6.0000   6.8000   8.1000   12.0000   -4.6890   -5.2030   -5.4510   -6.0050   -0.4290   0.3910   0.0200
1.0000 4  1734.6400   3181.7900   9.7186   1.5340   1.1000   3.1000   3.7000   11.9000   -2.7020   -4.3030   -4.5500   -6.0300   -0.2540   1.9120   0.0850
1.0000 0  1692.9400   3176.6700   43.9775   0.7820   3.6000   3.6000   6.4000   10.8000   -4.0860   -4.5510   -5.2090   -5.9370   -0.1240   0.5370   0.1120
1.0000 5  1747.2200   3149.7400   24.8854   1.2490   -0.4000   -0.0000   3.9000   9.9000   68.0750   1.7540   -4.5980   -5.7930   -0.0030   1.1260   0.0430
1.0000 6  1767.2900   3164.4700   31.5752   1.0920   -0.6000   0.5000   4.2000   9.5000   68.0750   -2.2870   -4.6880   -5.7260   0.1220   0.6990   0.4280
1.0000 7  1725.7000   3154.5500   20.8748   0.8430   -0.5000   -1.4000   3.7000   7.0000   68.0750   68.1400   -4.9600   -5.7490   -0.4300   0.4590   0.0470
1.0000 8  1745.9600   3138.8200   34.7295   0.6940   4.9000   4.7000   6.9000   11.3000   -4.4190   -4.8180   -5.2990   -5.9390   -0.1580   0.5560   0.0230
1.0000 0  1754.3500   3162.7100   20.0841   0.0590   7.2000   6.5000   8.3000   7.7000   -4.9750   -5.2080   -5.4960   -5.5010   -0.0920   0.1440   0.4080
1.0000    1721.0700   3218.9100   49.1681   1.3520   1.0000   3.2000   3.5000   9.7000   -2.6190   -4.3690   -4.4790   -5.7770   -0.1440   0.5590   0.0340
1.0000 9  1725.3900   3172.2900   11.3090   0.6510   5.4000   4.8000   6.2000   9.6000   -4.6490   -4.8520   -5.1560   -5.7530   -0.2270   0.4390   0.0260
1.0000    1762.0500   3211.5900   46.7654   0.8500   4.4000   5.2000   5.3000   9.4000   -4.3400   -4.8980   -4.9170   -5.7130   -0.4270   0.1830   0.2100
1.0000 10 1739.8200   3197.8500   25.7479   1.3790   2.8000   -0.9000   3.4000   10.0000   -3.7880   68.1400   -4.4760   -5.8010   -0.0100   0.5330   0.0770
1.0000    1730.8300   3125.7700   46.8907   0.3030   2.8000   4.3000   7.2000   8.1000   -3.8500   -4.7330   -5.3230   -5.5720   -0.1500   0.8660   0.0940
1.0000 11 1724.4200   3144.1300   30.7225   1.3480   2.0000   1.6000   3.5000   9.5000   -3.4900   -3.5630   -4.4610   -5.7550   -0.0800   0.5320   0.1340
1.0000    1760.0000   3131.0200   47.3953   1.1500   -1.3000   0.7000   3.6000   8.5000   68.0750   -2.6040   -4.4980   -5.5940   -0.0730   0.1400   0.2620
1.0000    1736.2100   3160.0300   12.2717   1.1560   1.9000   1.3000   3.0000   6.9000   -3.8440   -3.3750   -4.3120   -5.4140   0.0270   0.0470   0.5990
1.0000 12 1731.3600   3168.3400   6.6425   0.3480   1.5000   0.0000   3.5000   4.5000   -3.4420   0.1470   -4.9020   -5.1960   0.0340   0.7210   0.0820
1.0000    1757.0500   3217.1300   49.2403   0.1750   9.2000   5.5000   5.4000   5.5000   -5.2140   -4.9970   -4.9530   -5.0740   -0.0680   0.1350   0.0520
1.0000 13 1734.2900   3176.1500   4.5483   0.9540   1.3000   2.1000   3.8000   7.6000   -3.0030   -3.9620   -4.5840   -5.4840   -0.0190   1.3660   0.5650
1.0000 14 1764.1600   3162.7600   29.0683   0.5440   7.7000   5.5000   3.9000   5.5000   -5.0430   -4.9720   -4.5920   -5.0820   -0.0470   0.2130   0.0620
1.0000    1713.3900   3214.0000   47.7794   -0.0190   3.6000   3.3000   6.5000   5.9000   -4.1220   -4.3810   -5.2520   -5.1790   -0.0430   0.7760   0.1660
1.0000    1752.2500   3162.8200   18.2086   -0.4850   5.5000   3.9000   7.0000   4.1000   -4.6920   -4.6210   -5.3410   -4.8020   -0.3120   0.1500   0.8980
1.0000    1691.9600   3154.3200   48.2138   0.8630   1.0000   1.1000   3.6000   6.7000   -2.6950   -3.2800   -4.5780   -5.3870   0.0650   1.2430   0.3190
1.0000 15 1751.5700   3194.0000   26.3132   0.8340   -0.8000   0.1000   3.4000   6.0000   68.0750   -0.9440   -4.4240   -5.2040   -0.0320   0.3440   0.2580
1.0000 16 1778.7000   3160.4600   43.6358   0.1740   0.0000   1.2000   3.2000   5.0000   2.0000   -3.2490   -4.8240   -4.9440   0.0720   0.3070   0.0130
1.0000    1778.2400   3198.1000   48.9051   0.9220   -0.4000   1.1000   3.6000   7.3000   68.0750   -3.1020   -4.5200   -5.3880   0.0690   0.4150   0.3900
1.0000 17 1701.7600   3185.5700   37.3770   0.3700   -0.9000   1.1000   5.1000   6.1000   68.0750   -3.1140   -4.9500   -5.2660   -0.0050   2.6330   1.6380
1.0000    1749.5700   3162.7300   16.0342   0.3980   1.6000   1.9000   5.0000   6.3000   -3.2460   -3.8530   -4.9710   -5.3150   -0.2830   0.1760   1.0660
1.0000    1764.7600   3211.5800   48.2801   -0.0750   -0.3000   2.8000   6.4000   5.3000   68.0750   -4.1910   -5.1980   -5.0690   -0.2230   0.2990   0.3750
1.0000 18 1750.8300   3146.7100   29.2254   0.0300   0.5000   -0.2000   4.8000   4.4000   -1.8370   68.1400   -4.8730   -4.8490   0.1060   0.3040   0.2530
1.0000 19 1752.3000   3170.4700   15.7070   0.4390   3.1000   1.7000   3.9000   5.1000   -4.2850   -3.6110   -4.6300   -5.0150   0.1310   1.2510   0.2470
1.0000 20 1745.3400   3170.7700   8.7740   -0.1610   6.6000   0.7000   4.3000   3.3000   -4.8090   -2.7440   -4.7320   -4.5170   0.0050   1.6320   0.2610
1.0000 0  1730.2400   3178.4700   8.9379   0.3560   4.4000   4.7000   3.0000   3.5000   -4.3270   -4.8470   -4.2860   -4.5880   -0.2420   0.7560   0.0750
1.0000 21 1726.8400   3210.7700   39.7210   0.7260   3.0000   0.8000   3.4000   5.6000   -3.8880   -2.7340   -4.4500   -5.1220   0.0170   0.7610   0.1780
1.0000 22 1738.7900   3215.2100   42.9689   -0.0070   2.3000   3.7000   6.3000   5.5000   -3.6360   -4.5070   -5.1530   -5.0920   -0.1420   0.3310   0.1590
1.0000    1732.5200   3142.3200   30.2619   0.5640   1.5000   4.8000   3.0000   4.5000   -3.0830   -4.8460   -4.3570   -4.8670   0.1450   2.1870   0.1370
1.0000 23 1759.5000   3204.5900   39.5354   0.4220   0.3000   1.4000   3.5000   4.6000   -1.2450   -3.4210   -4.5100   -4.8780   0.0150   0.1730   1.3580
1.0000 24 1743.2400   3181.4700   11.2703   -0.0910   3.1000   1.7000   4.3000   3.5000   -3.9080   -3.6350   -4.7280   -4.5830   -0.0220   1.8170   0.0690
1.0000 25 1706.7900   3153.5600   35.2907   -0.0150   0.9000   1.4000   3.8000   3.2000   -2.5990   -3.4460   -4.5740   -4.5050   -0.3700   0.2080   0.0830
1.0000 0  1693.7700   3179.4300   43.5184   0.8480   -1.8000   2.1000   3.1000   5.6000   68.0750   -3.9210   -4.3640   -5.1580   0.0010   1.3630   0.3250
1.0000    1706.3600   3148.7700   38.3893   -0.0400   3.1000   1.7000   3.5000   3.0000   -3.8980   -3.6830   -4.5060   -4.4120   -0.2780   0.7350   0.1240
1.0000 26 1763.0600   3166.4900   26.9920   0.4170   -1.7000   -0.7000   3.8000   4.9000   68.0750   68.1400   -4.5940   -4.9570   0.1450   0.8020   0.3600
2.0000 27 1770.5500   3200.1100   43.8147   0.1580   1.9000   0.8000   3.1000   3.1000   -3.3700   -2.8660   -4.3060   -4.4100   0.5490   1.5120   0.1200
2.0000    1785.1000   3171.1700   48.4140   0.1800   1.2000   -1.1000   3.4000   3.6000   -2.7960   68.1400   -4.4550   -4.5810   0.5420   2.0470   0.0120
1.0000    1748.0600   3217.3500   46.4682   0.4960   3.9000   0.9000   3.0000   4.2000   -4.1600   -2.8840   -4.3100   -4.7520   -0.0640   0.3260   0.1850
2.0000 28 1729.0900   3153.0400   20.7011   0.9810   -4.0000   0.3000   3.1000   6.4000   68.0750   -2.0180   -4.3400   -5.2670   -0.3160   0.2620   0.0800
