# Object Xpix        Ypix        DisfromSN   Sub    S/N 435   S/N 555   S/N 625   S/N 814   AbsMag 435 AbsMag 555 AbsMag 625 AbsMag 814 Sharp Round Crowd Sharp 435   555   625   814 Round 435   555  625   814 Crowd 435  555  625  814
1.0000 29  1699.7800   3150.2800   42.9830   0.0520   17.3000   12.5000   11.5000   7.5000   -6.0890   -6.0760   -5.9800   -5.5240   -0.0200   0.2870   0.2100
1.0000 30  1749.8200   3161.1200   17.2329   0.4170   7.9000   7.3000   9.4000   17.4000   -5.0620   -5.4140   -5.6730   -6.5340   -0.1160   0.2070   0.2900
1.0000 31  1752.4700   3164.9800   17.3836   -0.0350   15.6000   11.1000   11.5000   8.6000   -5.9920   -5.8920   -5.9080   -5.6420   -0.1010   0.1310   0.2970
1.0000 32  1704.4400   3187.6400   35.7240   -0.2210   15.0000   9.0000   8.7000   5.1000   -5.9250   -5.6390   -5.5790   -5.0600   0.1170   0.5460   0.1230
1.0000 3   1718.0600   3151.1100   28.2151   0.5790   6.0000   6.8000   8.1000   12.0000   -4.6890   -5.2030   -5.4510   -6.0050   -0.4290   0.3910   0.0200
1.0000 33  1692.9400   3176.6700   43.9775   0.5300   3.6000   3.6000   6.4000   10.8000   -4.0860   -4.5510   -5.2090   -5.9370   -0.1240   0.5370   0.1120
1.0000 8   1745.9600   3138.8200   34.7295   0.4640   4.9000   4.7000   6.9000   11.3000   -4.4190   -4.8180   -5.2990   -5.9390   -0.1580   0.5560   0.0230
1.0000 34  1754.3500   3162.7100   20.0841   0.2980   7.2000   6.5000   8.3000   7.7000   -4.9750   -5.2080   -5.4960   -5.5010   -0.0920   0.1440   0.4080
1.0000 9   1725.3900   3172.2900   11.3090   0.2680   5.4000   4.8000   6.2000   9.6000   -4.6490   -4.8520   -5.1560   -5.7530   -0.2270   0.4390   0.0260
1.0000     1762.0500   3211.5900   46.7654   0.6230   4.4000   5.2000   5.3000   9.4000   -4.3400   -4.8980   -4.9170   -5.7130   -0.4270   0.1830   0.2100
1.0000     1704.1500   3141.9800   44.4776   -0.8620   11.2000   3.7000   4.7000   1.8000   -5.4920   -4.5650   -4.8620   -3.9350   0.2700   0.1060   0.1180
1.0000     1755.0400   3165.7400   19.4762   -0.3900   8.8000   4.5000   2.2000   5.1000   -5.2270   -4.7720   -4.3160   -5.0270   -0.1720   0.1940   0.4780
1.0000     1757.0500   3217.1300   49.2403   -0.1520   9.2000   5.5000   5.4000   5.5000   -5.2140   -4.9970   -4.9530   -5.0740   -0.0680   0.1350   0.0520
1.0000 35  1764.1600   3162.7600   29.0683   -0.0060   7.7000   5.5000   3.9000   5.5000   -5.0430   -4.9720   -4.5920   -5.0820   -0.0470   0.2130   0.0620
1.0000     1713.3900   3214.0000   47.7794   0.3240   3.6000   3.3000   6.5000   5.9000   -4.1220   -4.3810   -5.2520   -5.1790   -0.0430   0.7760   0.1660
1.0000     1752.2500   3162.8200   18.2086   -0.0060   5.5000   3.9000   7.0000   4.1000   -4.6920   -4.6210   -5.3410   -4.8020   -0.3120   0.1500   0.8980
1.0000 36  1730.2400   3178.4700   8.9379   0.5850   4.4000   4.7000   3.0000   3.5000   -4.3270   -4.8470   -4.2860   -4.5880   -0.2420   0.7560   0.0750
1.0000 37  1768.1100   3183.0300   33.1957   0.0140   4.9000   3.6000   3.7000   2.7000   -4.5320   -4.4810   -4.5700   -4.3230   0.1830   0.6970   0.3300
1.0000     1689.5600   3157.2000   49.4960   0.0340   5.5000   3.7000   -0.2000   1.1000   -4.6610   -4.6300   68.1850   -3.3310   -0.0530   0.8670   0.9900
1.0000     1766.2300   3189.0300   33.9447   -0.2170   5.9000   3.0000   2.5000   1.7000   -4.6930   -4.4110   -4.0620   -3.7560   0.0610   0.3690   0.2600
