# Object Xpix        Ypix        DisFromSN   Sub    S/N 435  S/N 555  S/N 625  S/N 814   AbsMag 435 AbsMag 555 AbsMag 625 AbsMag 814 
1.0000   1699.2800   3149.7800   42.9830   -0.4560   17.3000   12.5000   11.5000   7.5000   -6.0890   -6.0760   -5.9800   -5.5240
1.0000   1749.3200   3160.6200   17.2329   0.8610   7.9000   7.3000   9.4000   17.4000   -5.0620   -5.4140   -5.6730   -6.5340
1.0000   1757.1800   3151.6800   29.0636   1.5980   -0.5000   0.3000   3.4000   8.4000   68.0750   -1.7780   -4.4650   -6.0630
1.0000   1751.9700   3164.4800   17.3836   -0.2660   15.6000   11.1000   11.5000   8.6000   -5.9920   -5.8920   -5.9080   -5.6420
1.0000   1703.9400   3187.1400   35.7240   -0.5190   15.0000   9.0000   8.7000   5.1000   -5.9250   -5.6390   -5.5790   -5.0600
1.0000   1717.5600   3150.6100   28.2151   0.5540   6.0000   6.8000   8.1000   12.0000   -4.6890   -5.2030   -5.4510   -6.0050
1.0000   1734.1400   3181.2900   9.7186   1.4800   1.1000   3.1000   3.7000   11.9000   -2.7020   -4.3030   -4.5500   -6.0300
1.0000   1692.4400   3176.1700   43.9775   0.7280   3.6000   3.6000   6.4000   10.8000   -4.0860   -4.5510   -5.2090   -5.9370
1.0000   1746.7200   3149.2400   24.8854   1.1950   -0.4000   -0.0000   3.9000   9.9000   68.0750   1.7540   -4.5980   -5.7930
1.0000   1766.7900   3163.9700   31.5752   1.0380   -0.6000   0.5000   4.2000   9.5000   68.0750   -2.2870   -4.6880   -5.7260
1.0000   1725.2000   3154.0500   20.8748   0.7890   -0.5000   -1.4000   3.7000   7.0000   68.0750   68.1400   -4.9600   -5.7490
1.0000   1745.4600   3138.3200   34.7295   0.6400   4.9000   4.7000   6.9000   11.3000   -4.4190   -4.8180   -5.2990   -5.9390
1.0000   1753.8500   3162.2100   20.0841   0.0050   7.2000   6.5000   8.3000   7.7000   -4.9750   -5.2080   -5.4960   -5.5010
1.0000   1724.8900   3171.7900   11.3090   0.5970   5.4000   4.8000   6.2000   9.6000   -4.6490   -4.8520   -5.1560   -5.7530
1.0000   1739.3200   3197.3500   25.7479   1.3250   2.8000   -0.9000   3.4000   10.0000   -3.7880   68.1400   -4.4760   -5.8010
1.0000   1723.9200   3143.6300   30.7225   1.2940   2.0000   1.6000   3.5000   9.5000   -3.4900   -3.5630   -4.4610   -5.7550
1.0000   1730.8600   3167.8400   6.6425   0.2940   1.5000   0.0000   3.5000   4.5000   -3.4420   0.1470   -4.9020   -5.1960
1.0000   1763.6600   3162.2600   29.0683   0.4900   7.7000   5.5000   3.9000   5.5000   -5.0430   -4.9720   -4.5920   -5.0820
1.0000   1751.0700   3193.5000   26.3132   0.7800   -0.8000   0.1000   3.4000   6.0000   68.0750   -0.9440   -4.4240   -5.2040
1.0000   1778.2000   3159.9600   43.6358   0.1200   0.0000   1.2000   3.2000   5.0000   2.0000   -3.2490   -4.8240   -4.9440
1.0000   1750.3300   3146.2100   29.2254   -0.0240   0.5000   -0.2000   4.8000   4.4000   -1.8370   68.1400   -4.8730   -4.8490
1.0000   1751.8000   3169.9700   15.7070   0.3850   3.1000   1.7000   3.9000   5.1000   -4.2850   -3.6110   -4.6300   -5.0150
1.0000   1744.8400   3170.2700   8.7740   -0.2150   6.6000   0.7000   4.3000   3.3000   -4.8090   -2.7440   -4.7320   -4.5170
1.0000   1729.7400   3177.9700   8.9379   0.3020   4.4000   4.7000   3.0000   3.5000   -4.3270   -4.8470   -4.2860   -4.5880
1.0000   1726.3400   3210.2700   39.7210   0.6720   3.0000   0.8000   3.4000   5.6000   -3.8880   -2.7340   -4.4500   -5.1220
1.0000   1738.2900   3214.7100   42.9689   -0.0610   2.3000   3.7000   6.3000   5.5000   -3.6360   -4.5070   -5.1530   -5.0920
1.0000   1742.7400   3180.9700   11.2703   -0.1450   3.1000   1.7000   4.3000   3.5000   -3.9080   -3.6350   -4.7280   -4.5830
1.0000   1705.8600   3148.2700   38.3893   -0.0940   3.1000   1.7000   3.5000   3.0000   -3.8980   -3.6830   -4.5060   -4.4120
1.0000   1762.5600   3165.9900   26.9920   0.3630   -1.7000   -0.7000   3.8000   4.9000   68.0750   68.1400   -4.5940   -4.9570
2.0000   1728.5900   3152.5400   20.7011   0.9270   -4.0000   0.3000   3.1000   6.4000   68.0750   -2.0180   -4.3400   -5.2670
