# Object Xpix        Ypix        DisfromSN   Sub    S/N 435   S/N 555   S/N 625   S/N 814   AbsMag 435 AbsMag 555 AbsMag 625 AbsMag 814 
1.0000   1699.2800   3149.7800   42.9830   -0.0130   17.3000   12.5000   11.5000   7.5000   -6.0890   -6.0760   -5.9800   -5.5240
1.0000   1749.3200   3160.6200   17.2329   0.3520   7.9000   7.3000   9.4000   17.4000   -5.0620   -5.4140   -5.6730   -6.5340
1.0000   1751.9700   3164.4800   17.3836   -0.1000   15.6000   11.1000   11.5000   8.6000   -5.9920   -5.8920   -5.9080   -5.6420
1.0000   1703.9400   3187.1400   35.7240   -0.2860   15.0000   9.0000   8.7000   5.1000   -5.9250   -5.6390   -5.5790   -5.0600
1.0000   1717.5600   3150.6100   28.2151   0.5140   6.0000   6.8000   8.1000   12.0000   -4.6890   -5.2030   -5.4510   -6.0050
1.0000   1692.4400   3176.1700   43.9775   0.4650   3.6000   3.6000   6.4000   10.8000   -4.0860   -4.5510   -5.2090   -5.9370
1.0000   1745.4600   3138.3200   34.7295   0.3990   4.9000   4.7000   6.9000   11.3000   -4.4190   -4.8180   -5.2990   -5.9390
1.0000   1753.8500   3162.2100   20.0841   0.2330   7.2000   6.5000   8.3000   7.7000   -4.9750   -5.2080   -5.4960   -5.5010
1.0000   1724.8900   3171.7900   11.3090   0.2030   5.4000   4.8000   6.2000   9.6000   -4.6490   -4.8520   -5.1560   -5.7530
1.0000   1763.6600   3162.2600   29.0683   -0.0710   7.7000   5.5000   3.9000   5.5000   -5.0430   -4.9720   -4.5920   -5.0820
1.0000   1729.7400   3177.9700   8.9379   0.5200   4.4000   4.7000   3.0000   3.5000   -4.3270   -4.8470   -4.2860   -4.5880
1.0000   1767.6100   3182.5300   33.1957   -0.0510   4.9000   3.6000   3.7000   2.7000   -4.5320   -4.4810   -4.5700   -4.3230
