# Object Xpix Ypix S/N 435 S/N 555 S/N 625 S/N 814 Mag 435 Mag 555 Mag 625 Mag 814 AbsMag 435 AbsMag 555 AbsMag 625 AbsMag 814
1.0000 1699.2800 3149.7800 17.3000 12.5000 11.5000 7.5000 25.8350 25.7830 25.8340 26.2360 -6.0890 -6.0760 -5.9800 -5.5240
1.0000 1749.3200 3160.6200 7.9000 7.3000 9.4000 17.4000 26.8620 26.4450 26.1410 25.2260 -5.0620 -5.4140 -5.6730 -6.5340
1.0000 1751.9700 3164.4800 15.6000 11.1000 11.5000 8.6000 25.9320 25.9670 25.9060 26.1180 -5.9920 -5.8920 -5.9080 -5.6420
1.0000 1687.8200 3158.1300 13.3000 8.0000 12.0000 9.8000 26.1340 26.3850 25.7930 25.9450 -5.7900 -5.4740 -6.0210 -5.8150
1.0000 1703.9400 3187.1400 15.0000 9.0000 8.7000 5.1000 25.9990 26.2200 26.2350 26.7000 -5.9250 -5.6390 -5.5790 -5.0600
1.0000 1717.5600 3150.6100 6.0000 6.8000 8.1000 12.0000 27.2350 26.6560 26.3630 25.7550 -4.6890 -5.2030 -5.4510 -6.0050
1.0000 1692.4400 3176.1700 3.6000 3.6000 6.4000 10.8000 27.8380 27.3080 26.6050 25.8230 -4.0860 -4.5510 -5.2090 -5.9370
1.0000 1745.4600 3138.3200 4.9000 4.7000 6.9000 11.3000 27.5050 27.0410 26.5150 25.8210 -4.4190 -4.8180 -5.2990 -5.9390
1.0000 1724.8900 3171.7900 5.4000 4.8000 6.2000 9.6000 27.2750 27.0070 26.6580 26.0070 -4.6490 -4.8520 -5.1560 -5.7530
1.0000 1686.8400 3188.9500 8.8000 4.4000 7.5000 7.4000 26.7250 27.0970 26.3800 26.2730 -5.1990 -4.7620 -5.4340 -5.4870
1.0000 1763.6600 3162.2600 7.7000 5.5000 3.9000 5.5000 26.8810 26.8870 27.2220 26.6780 -5.0430 -4.9720 -4.5920 -5.0820
1.0000 1712.8900 3213.5000 3.6000 3.3000 6.5000 5.9000 27.8020 27.4780 26.5620 26.5810 -4.1220 -4.3810 -5.2520 -5.1790
1.0000 1729.7400 3177.9700 4.4000 4.7000 3.0000 3.5000 27.5970 27.0120 27.5280 27.1720 -4.3270 -4.8470 -4.2860 -4.5880
1.0000 1767.6100 3182.5300 4.9000 3.6000 3.7000 2.7000 27.3920 27.3780 27.2440 27.4370 -4.5320 -4.4810 -4.5700 -4.3230
1.0000 1765.7300 3188.5300 5.9000 3.0000 2.5000 1.7000 27.2310 27.4480 27.7520 28.0040 -4.6930 -4.4110 -4.0620 -3.7560
