# Object Xpix        Ypix        DisFromSN   Sub    S/N 435  S/N 555  S/N 625  S/N 814   AbsMag 435 AbsMag 555 AbsMag 625 AbsMag 814 Sharp Round Crowd  Sharp 435   555   625   814 Round 435   555  625   814 Crowd 435  555  625  814
15 < r < 30
high red
1.0000   1754.2000   3208.5900   40.2968   0.9240   1.3000   3.9000   9.5000   18.1000   -2.9350   -4.6150   -5.6590   -6.5290   -0.2240   0.1200   0.0860   -1.0630   -0.2080   -0.0800   -0.1930   0.1260   0.1720   0.2050   0.0310   0.1430   0.1440   0.1010   0.0720
line of red
1.0000   1767.2900   3164.4700   31.5752   1.0920   -0.6000   0.5000   4.2000   9.5000   68.0750   -2.2870   -4.6880   -5.7260   0.1220   0.6990   0.4280   0.0000   -0.0920   0.4410   -0.0070   0.0000   1.4720   0.8040   0.5680   4.8540   0.6750   0.0840   0.0820
1.0000   1724.4200   3144.1300   30.7225   1.3480   2.0000   1.6000   3.5000   9.5000   -3.4900   -3.5630   -4.4610   -5.7550   -0.0800   0.5320   0.1340   -0.1400   -0.1020   -0.3230   0.0370   -0.1220   0.2420   1.0600   0.5720   0.4200   0.0130   0.1050   0.0760

left of iso
1.0000   1745.9600   3138.8200   34.7295   0.6940   4.9000   4.7000   6.9000   11.3000   -4.4190   -4.8180   -5.2990   -5.9390   -0.1580   0.5560   0.0230   -0.2650   -0.0540   -0.2640   -0.0630   0.5630   0.6890   0.3460   0.6370   0.0080   0.0430   0.0320   0.0210
by dig line 
1.0000   1726.8400   3210.7700   39.7210   0.7260   3.0000   0.8000   3.4000   5.6000   -3.8880   -2.7340   -4.4500   -5.1220   0.0170   0.7610   0.1780   0.1760   -1.0880   0.1240   -0.0070   0.8550   0.3700   0.3040   1.1810   0.1060   0.4640   0.3140   0.1480
mid left red
1.0000   1738.7900   3215.2100   42.9689   -0.0070   2.3000   3.7000   6.3000   5.5000   -3.6360   -4.5070   -5.1530   -5.0920   -0.1420   0.3310   0.1590   -0.1330   -0.6100   0.0480   -0.0160   0.4480   0.1260   0.3720   0.4240   0.3240   0.1040   0.0780   0.2010
by cyan sources
1.0000   1701.7600   3185.5700   37.3770   0.3700   -0.9000   1.1000   5.1000   6.1000   68.0750   -3.1140   -4.9500   -5.2660   -0.0050   2.6330   1.6380   0.0000   0.1820   -0.1600   0.0740   0.0000   6.8510   2.1020   1.6160   9.9990   5.3010   0.2470   0.5340
1.0000   1778.7000   3160.4600   43.6358   0.1740   0.0000   1.2000   3.2000   5.0000   2.0000   -3.2490   -4.8240   -4.9440   0.0720   0.3070   0.0130   -0.3370   -0.3940   0.7210   -0.0200   4.4430   -0.8290   -0.6480   0.0170   0.0010   0.0630   0.0090   0.0210
cresent red
1.0000   1759.5000   3204.5900   39.5354   0.4220   0.3000   1.4000   3.5000   4.6000   -1.2450   -3.4210   -4.5100   -4.8780   0.0150   0.1730   1.3580   0.1580   0.2600   0.1400   -0.2200   0.2460   0.2500   0.2180   0.0500   5.9320   5.8660   0.4940   0.4160
lowest red
2.0000   1770.5500   3200.1100   43.8147   0.1580   1.9000   0.8000   3.1000   3.1000   -3.3700   -2.8660   -4.3060   -4.4100   0.5490   1.5120   0.1200   0.9600   1.8050   -0.0670   0.3900   0.0640   5.2690   0.1800   1.0300   0.0900   0.0980   0.0950   0.1760
1.0000   1706.7900   3153.5600   35.2907   -0.0150   0.9000   1.4000   3.8000   3.2000   -2.5990   -3.4460   -4.5740   -4.5050   -0.3700   0.2080   0.0830   -2.5450   0.0320   -0.0250   0.0480   0.3130   0.1460   0.2290   0.1680   0.1750   0.1730   0.0550   0.1320

15 < r < 30
high yellow
1.0000   1718.0600   3151.1100   28.2151   0.6080   6.0000   6.8000   8.1000   12.0000   -4.6890   -5.2030   -5.4510   -6.0050   -0.4290   0.3910   0.0200   -0.3350   -0.4990   -0.5290   -0.3930   0.3830   0.4040   0.4450   0.3350   0.0180   0.0270   0.0180   0.0200
1.0000   1757.6800   3152.1800   29.0636   1.6520   -0.5000   0.3000   3.4000   8.4000   68.0750   -1.7780   -4.4650   -6.0630   -0.1400   0.1450   0.2970   -1.1890   -0.2070   -0.2200   -0.1300   0.1330   0.6510   -0.0140   0.1670   0.6430   5.1700   0.1100   0.1150
line of yellow
1.0000   1739.8200   3197.8500   25.7479   1.3790   2.8000   -0.9000   3.4000   10.0000   -3.7880   68.1400   -4.4760   -5.8010   -0.0100   0.5330   0.0770   0.2070   0.0000   -0.2080   -0.0470   0.0030   0.0000   1.6060   0.2680   0.0380   0.0000   0.1050   0.0960
1.0000   1747.2200   3149.7400   24.8854   1.2490   -0.4000   -0.0000   3.9000   9.9000   68.0750   1.7540   -4.5980   -5.7930   -0.0030   1.1260   0.0430   0.0000   0.5820   -0.1670   0.0090   0.0000   7.1780   0.4440   0.5900   0.0000   0.0330   0.0380   0.0530
1.0000   1725.7000   3154.5500   20.8748   0.8430   -0.5000   -1.4000   3.7000   7.0000   68.0750   68.1400   -4.9600   -5.7490   -0.4300   0.4590   0.0470   0.0000   0.0000   -0.3750   -0.4450   0.0000   0.0000   0.6750   0.2880   0.0000   0.0000   0.0320   0.0500
grey region yellow
2.0000   1729.0900   3153.0400   20.7011   0.9810   -4.0000   0.3000   3.1000   6.4000   68.0750   -2.0180   -4.3400   -5.2670   -0.3160   0.2620   0.0800   0.0000   -0.1760   -0.5220   -0.2400   0.0000   0.1300   0.2490   0.3070   0.0000   0.0260   0.0980   0.1690
1.0000   1751.5700   3194.0000   26.3132   0.8340   -0.8000   0.1000   3.4000   6.0000   68.0750   -0.9440   -4.4240   -5.2040   -0.0320   0.3440   0.2580   0.0000   3.9720   -0.1250   -0.0820   0.0000   0.2820   0.7640   -0.0000   4.8950   2.2120   0.1880   0.1380
cresent yellow
1.0000   1763.0600   3166.4900   26.9920   0.4170   -1.7000   -0.7000   3.8000   4.9000   68.0750   68.1400   -4.5940   -4.9570   0.1450   0.8020   0.3600   9.9990   0.0000   0.3670   -0.1140   9.9990   0.0000   0.7810   0.6360   1.1070   4.9810   0.1180   0.2370
1.0000   1752.3000   3170.4700   15.7070   0.4390   3.1000   1.7000   3.9000   5.1000   -4.2850   -3.6110   -4.6300   -5.0150   0.1310   1.2510   0.2470   -0.0820   -0.0670   0.3320   0.1080   0.4040   4.2200   0.5860   1.3400   0.1870   0.2000   0.3490   0.1840
1.0000   1764.1600   3162.7600   29.0683   0.5440   7.7000   5.5000   3.9000   5.5000   -5.0430   -4.9720   -4.5920   -5.0820   -0.0470   0.2130   0.0620   0.0760   -0.1450   0.1550   -0.3200   -0.2020   0.1460   1.2840   0.1130   0.0130   0.0370   0.1030   0.1620
left yellow
1.0000   1750.8300   3146.7100   29.2254   0.0300   0.5000   -0.2000   4.8000   4.4000   -1.8370   68.1400   -4.8730   -4.8490   0.1060   0.3040   0.2530   0.8990   -0.1210   0.0470   0.0560   0.2600   0.1780   0.2730   0.3770   2.1460   0.3540   0.1070   0.4530
1.0000   1778.7000   3160.4600   43.6358   0.1740   0.0000   1.2000   3.2000   5.0000   2.0000   -3.2490   -4.8240   -4.9440   0.0720   0.3070   0.0130   -0.3370   -0.3940   0.7210   -0.0200   4.4430   -0.8290   -0.6480   0.0170   0.0010   0.0630   0.0090   0.0210

r < 15 pix bottom left
1.0000   1745.3400   3170.7700   8.7740   -0.1610   6.6000   0.7000   4.3000   3.3000   -4.8090   -2.7440   -4.7320   -4.5170   0.0050   1.6320   0.2610   -0.0300   1.3710   -0.0800   -0.1640   0.1390   9.9990   0.8380   0.7200   0.1120   5.0930   0.1370   0.3540
1.0000   1743.2400   3181.4700   11.2703   -0.0910   3.1000   1.7000   4.3000   3.5000   -3.9080   -3.6350   -4.7280   -4.5830   -0.0220   1.8170   0.0690   -0.2030   -0.3980   0.1750   0.1850   0.4870   2.5820   2.0100   2.7760   0.0620   0.1000   0.0380   0.0950

r<15pix highest mag
1.0000   1734.6400   3181.7900   9.7186   1.5340   1.1000   3.1000   3.7000   11.9000   -2.7020   -4.3030   -4.5500   -6.0300   -0.2540   1.9120   0.0850   -1.8910   -0.0030   -0.3310   -0.0380   5.6010   3.6740   1.1200   0.7710   0.3380   0.0270   0.1610   0.0570
1.0000   1725.3900   3172.2900   11.3090   0.6510   5.4000   4.8000   6.2000   9.6000   -4.6490   -4.8520   -5.1560   -5.7530   -0.2270   0.4390   0.0260   -0.0480   -0.3990   -0.3650   -0.2060   0.3740   0.5490   0.4970   0.3550   0.0120   0.0310   0.0250   0.0380
1.0000   1734.2900   3176.1500   4.5483   0.9540   1.3000   2.1000   3.8000   7.6000   -3.0030   -3.9620   -4.5840   -5.4840   -0.0190   1.3660   0.5650   0.1600   -0.0640   -0.1050   -0.0290   0.3990   -0.0040   1.8940   2.0290   5.6040   0.3340   0.2550   0.1850
1.0000   1731.3600   3168.3400   6.6425   0.3480   1.5000   0.0000   3.5000   4.5000   -3.4420   0.1470   -4.9020   -5.1960   0.0340   0.7210   0.0820   0.1200   4.4710   -0.0410   -0.4640   0.9800   0.3540   0.3540   0.6430   0.0420   2.2790   0.0550   0.0560

Bad
1.0000   1716.3800   3163.7800   22.0299   -0.3080   52.2000   48.1000   47.7000   39.5000   -7.8530   -8.1570   -8.0500   -7.6880   -0.1640   0.1320   0.2160   -0.0820   -0.2110   -0.2260   -0.1800   0.1330   0.1260   0.1200   0.1590   0.1420   0.2750   0.2610   0.2300
1.0000   1741.8300   3221.6400   49.6140   0.3460   40.4000   37.9000   42.6000   51.9000   -7.3270   -7.6400   -7.7570   -8.0490   -0.1950   0.0760   0.0120   -0.1990   -0.1500   -0.1880   -0.2280   0.0820   0.0730   0.1060   0.0390   0.0060   0.0130   0.0120   0.0180
1.0000   1732.8400   3159.5500   13.3135   1.0500   3.8000   14.2000   27.2000   52.8000   -4.3030   -6.2090   -7.1200   -8.1160   0.0160   0.1900   0.0380   0.0380   -0.0650   0.0080   0.0480   0.3430   0.3930   0.1390   0.0770   0.2350   0.0200   0.0090   0.0310
1.0000   1699.6800   3152.7500   41.8604   0.8270   2.1000   4.5000   8.2000   19.9000   -3.5690   -4.8160   -5.9850   -6.7580   0.0150   0.2570   0.3640   -0.2770   0.1020   -0.0380   0.0470   0.2750   0.0270   0.1500   0.4500   6.3380   0.5420   0.2280   0.1460
1.0000   1705.2700   3138.2600   46.3245   1.1330   2.1000   5.6000   9.1000   20.1000   -3.5200   -4.9820   -5.6410   -6.7200   0.2390   0.7920   0.0300   1.1110   0.2080   0.1620   0.1080   0.0700   1.7250   0.5840   0.5670   0.1680   0.0340   0.0210   0.0070

1.0000   1714.8700   3165.9600   22.7288   -0.6670   18.0000   32.3000   29.7000   17.6000   -6.2030   -7.5030   -7.2880   -6.5670   -0.3430   0.1560   0.3880   -0.3300   -0.2560   -0.3930   -0.4100   0.1150   0.1760   0.1820   0.1260   0.4570   0.3120   0.3290   0.4740
1.0000   1713.6200   3163.8300   24.5814   -0.6160   12.2000   21.8000   18.5000   11.0000   -5.7050   -6.9140   -6.6550   -5.9850   -0.3760   0.2560   0.6330   -0.3390   -0.2450   -0.4210   -0.5710   0.2330   0.2450   0.2820   0.2660   0.6830   0.5210   0.6130   0.7690
1.0000   1717.4300   3128.4100   47.9262   -0.7620   21.1000   15.7000   17.3000   8.3000   -6.3370   -6.3680   -6.4780   -5.6620   0.0070   0.0470   0.0720   -0.0070   0.0390   0.0380   -0.0540   0.1480   -0.0520   0.0320   0.0030   0.0010   0.0390   0.0100   0.4870
1.0000   1713.1200   3161.3200   26.0068   -0.8390   9.1000   17.0000   18.1000   8.7000   -5.2760   -6.5190   -6.5620   -5.6690   -0.3080   0.1860   0.4400   -0.1960   -0.2700   -0.3560   -0.4530   0.1740   0.1910   0.1830   0.2010   0.4870   0.4070   0.3710   0.5770

1.0000   1736.2100   3160.0300   12.2717   1.1560   1.9000   1.3000   3.0000   6.9000   -3.8440   -3.3750   -4.3120   -5.4140   0.0270   0.0470   0.5990   0.4570   -1.0240   -0.2190   0.2630   0.0120   0.2060   0.2450   -0.1290   0.3810   0.8900   0.5910   0.7820
1.0000   1730.2400   3178.4700   8.9379   0.3560   4.4000   4.7000   3.0000   3.5000   -4.3270   -4.8470   -4.2860   -4.5880   -0.2420   0.7560   0.0750   -0.3170   -0.3450   0.1440   -0.2870   1.0270   0.8320   0.5900   0.2480   0.0500   0.0470   0.1170   0.2080

1.0000   1752.2500   3162.8200   18.2086   -0.4850   5.5000   3.9000   7.0000   4.1000   -4.6920   -4.6210   -5.3410   -4.8020   -0.3120   0.1500   0.8980   -0.3250   -0.1220   -0.3650   -0.3940   0.0800   0.4640   0.1220   -0.1550   0.9430   0.9460   0.7200   1.3010
1.0000   1752.4700   3164.9800   17.3836   -0.2120   15.6000   11.1000   11.5000   8.6000   -5.9920   -5.8920   -5.9080   -5.6420   -0.1010   0.1310   0.2970   -0.0240   -0.0570   -0.2360   -0.1600   0.0790   -0.0650   0.3080   0.3260   0.2690   0.2310   0.3250   0.4290
1.0000   1749.8200   3161.1200   17.2329   0.9150   7.9000   7.3000   9.4000   17.4000   -5.0620   -5.4140   -5.6730   -6.5340   -0.1160   0.2070   0.2900   -0.2410   -0.1010   -0.0870   -0.0450   0.5090   0.0840   0.1180   0.1210   0.3160   0.3510   0.4080   0.2190
1.0000   1749.5700   3162.7300   16.0342   0.3980   1.6000   1.9000   5.0000   6.3000   -3.2460   -3.8530   -4.9710   -5.3150   -0.2830   0.1760   1.0660   -0.7830   -0.0100   -0.1570   -0.2410   0.4660   0.2590   0.0620   0.1230   1.6790   1.7910   0.8710   0.9510
1.0000   1754.3500   3162.7100   20.0841   0.0590   7.2000   6.5000   8.3000   7.7000   -4.9750   -5.2080   -5.4960   -5.5010   -0.0920   0.1440   0.4080   -0.0150   -0.0140   -0.3390   -0.0150   0.5730   -0.2480   -0.0070   0.2980   0.4920   0.3560   0.3950   0.4250

1.0000   1706.3600   3148.7700   38.3893   -0.0400   3.1000   1.7000   3.5000   3.0000   -3.8980   -3.6830   -4.5060   -4.4120   -0.2780   0.7350   0.1240   -0.1790   -0.5750   -0.0140   -0.5450   0.0010   0.0610   1.4860   1.4670   0.1850   0.1670   0.1130   0.1400
1.0000   1699.7800   3150.2800   42.9830   -0.4020   17.3000   12.5000   11.5000   7.5000   -6.0890   -6.0760   -5.9800   -5.5240   -0.0200   0.2870   0.2100   -0.0860   0.0890   -0.0660   0.0760   0.1490   0.2380   0.3610   0.7170   0.1040   0.1180   0.2690   0.6010
1.0000   1704.4400   3187.6400   35.7240   -0.4650   15.0000   9.0000   8.7000   5.1000   -5.9250   -5.6390   -5.5790   -5.0600   0.1170   0.5460   0.1230   0.1450   0.1360   0.0030   0.1520   0.1310   1.0190   0.5650   0.8920   0.0490   0.0810   0.0740   0.5410
1.0000   1713.3900   3214.0000   47.7794   -0.0190   3.6000   3.3000   6.5000   5.9000   -4.1220   -4.3810   -5.2520   -5.1790   -0.0430   0.7760   0.1660   0.0450   -0.1820   0.1570   -0.2370   0.0980   2.0220   0.2720   0.9760   0.2940   0.1730   0.1610   0.1620
1.0000   1764.7600   3211.5800   48.2801   -0.0750   -0.3000   2.8000   6.4000   5.3000   68.0750   -4.1910   -5.1980   -5.0690   -0.2230   0.2990   0.3750   0.4770   -0.8680   -0.1920   -0.0480   0.0750   0.1200   0.3710   0.3980   0.1240   0.4070   0.2570   0.6670
1.0000   1748.0600   3217.3500   46.4682   0.4960   3.9000   0.9000   3.0000   4.2000   -4.1600   -2.8840   -4.3100   -4.7520   -0.0640   0.3260   0.1850   -0.1660   -0.4490   0.4500   -0.1700   0.4270   0.1100   0.2510   0.3300   0.1110   0.8400   0.2060   0.2560

1.0000   1762.0500   3211.5900   46.7654   0.8500   4.4000   5.2000   5.3000   9.4000   -4.3400   -4.8980   -4.9170   -5.7130   -0.4270   0.1830   0.2100   -0.5190   -0.3360   -0.4990   -0.3740   0.1270   0.1590   0.2880   0.1640   0.1990   0.2040   0.3100   0.2690
2.0000   1785.1000   3171.1700   48.4140   0.1800   1.2000   -1.1000   3.4000   3.6000   -2.7960   68.1400   -4.4550   -4.5810   0.5420   2.0470   0.0120   0.0070   9.9990   0.9020   0.3850   5.8620   9.9990   0.9730   0.1190   0.0050   0.4000   0.0070   0.0150
1.0000   1778.2400   3198.1000   48.9051   0.9220   -0.4000   1.1000   3.6000   7.3000   68.0750   -3.1020   -4.5200   -5.3880   0.0690   0.4150   0.3900   0.0000   -0.4460   0.2730   0.0070   0.0000   0.8690   -0.1220   0.5630   9.9990   0.0040   0.1310   0.1130
1.0000   1730.8300   3125.7700   46.8907   0.3030   2.8000   4.3000   7.2000   8.1000   -3.8500   -4.7330   -5.3230   -5.5720   -0.1500   0.8660   0.0940   -0.4850   -0.0070   -0.0440   -0.1320   -1.8490   3.9270   0.2940   0.2290   0.1640   0.0590   0.0270   0.1830
1.0000   1691.9600   3154.3200   48.2138   0.8630   1.0000   1.1000   3.6000   6.7000   -2.6950   -3.2800   -4.5780   -5.3870   0.0650   1.2430   0.3190   -0.3640   0.2230   0.0790   0.1260   0.9910   5.6600   0.1070   0.8790   0.9780   0.5620   0.3210   0.1320
1.0000   1757.0500   3217.1300   49.2403   0.1750   9.2000   5.5000   5.4000   5.5000   -5.2140   -4.9970   -4.9530   -5.0740   -0.0680   0.1350   0.0520   0.0300   0.0480   -0.1130   -0.3620   0.2330   0.0980   0.2550   -0.2160   0.0140   0.0410   0.0650   0.1550
1.0000   1760.0000   3131.0200   47.3953   1.1500   -1.3000   0.7000   3.6000   8.5000   68.0750   -2.6040   -4.4980   -5.5940   -0.0730   0.1400   0.2620   0.0000   0.7880   -0.0860   -0.1600   0.0000   1.0780   1.2060   -0.7080   0.0000   5.3680   0.3030   0.1350
1.0000   1721.0700   3218.9100   49.1681   1.3520   1.0000   3.2000   3.5000   9.7000   -2.6190   -4.3690   -4.4790   -5.7770   -0.1440   0.5590   0.0340   -0.0510   -0.3880   -0.0860   -0.0900   0.5180   -0.1860   1.9370   0.2900   0.1580   0.0340   0.0340   0.0280

1.0000   1692.9400   3176.6700   43.9775   0.7820   3.6000   3.6000   6.4000   10.8000   -4.0860   -4.5510   -5.2090   -5.9370   -0.1240   0.5370   0.1120   -0.4160   -0.1900   -0.1320   0.0710   0.5600   0.1290   0.9700   0.3840   0.1180   0.1620   0.0880   0.1160
1.0000   1732.5200   3142.3200   30.2619   0.5640   1.5000   4.8000   3.0000   4.5000   -3.0830   -4.8460   -4.3570   -4.8670   0.1450   2.1870   0.1370   0.0020   0.3040   0.1300   0.0660   2.6090   3.2080   0.7250   1.5360   2.2010   0.0530   0.1290   0.2660
1.0000   1693.7700   3179.4300   43.5184   0.8480   -1.8000   2.1000   3.1000   5.6000   68.0750   -3.9210   -4.3640   -5.1580   0.0010   1.3630   0.3250   0.0000   -0.1360   0.0120   0.0450   0.0000   1.7230   2.5790   0.1820   5.1540   0.8830   0.2680   0.3770
