# Good sources
# Object Xpix        Ypix        Sub       S/N 435   S/N 555  S/N 625  S/N 814  Mag 435   Mag 555   Mag 625   Mag 814   AbsMag435 AbsMag555 AbsMag625 AbsMag814 Crowd    Sharp     Round
1.0000   1699.2800   3149.7800   -0.0130   17.3000   12.5000  11.5000  7.5000   25.8350   25.7830   25.8340   26.2360   -6.0890   -6.0760   -5.9800   -5.5240   0.2100   -0.0200   0.2870
1.0000   1751.9700   3164.4800   -0.1000   15.6000   11.1000  11.5000  8.6000   25.9320   25.9670   25.9060   26.1180   -5.9920   -5.8920   -5.9080   -5.6420   0.2970   -0.1010   0.1310
1.0000   1717.5600   3150.6100   0.5140    6.0000    6.8000   8.1000   12.0000  27.2350   26.6560   26.3630   25.7550   -4.6890   -5.2030   -5.4510   -6.0050   0.0200   -0.4290   0.3910
1.0000   1692.4400   3176.1700   0.4650    3.6000    3.6000   6.4000   10.8000  27.8380   27.3080   26.6050   25.8230   -4.0860   -4.5510   -5.2090   -5.9370   0.1120   -0.1240   0.5370
1.0000   1703.9400   3187.1400   -0.2860   15.0000   9.0000   8.7000   5.1000   25.9990   26.2200   26.2350   26.7000   -5.9250   -5.6390   -5.5790   -5.0600   0.1230   0.1170    0.5460
1.0000   1763.6600   3162.2600   -0.0710   7.7000    5.5000   3.9000   5.5000   26.8810   26.8870   27.2220   26.6780   -5.0430   -4.9720   -4.5920   -5.0820   0.0620   -0.0470   0.2130
1.0000   1729.7400   3177.9700   0.5200    4.4000    4.7000   3.0000   3.5000   27.5970   27.0120   27.5280   27.1720   -4.3270   -4.8470   -4.2860   -4.5880   0.0750   -0.2420   0.7560
1.0000   1767.6100   3182.5300   -0.0510   4.9000    3.6000   3.7000   2.7000   27.3920   27.3780   27.2440   27.4370   -4.5320   -4.4810   -4.5700   -4.3230   0.3300   0.1830    0.6970
1.0000   1745.4600   3138.3200   0.3990    4.9000    4.7000   6.9000   11.3000  27.5050   27.0410   26.5150   25.8210   -4.4190   -4.8180   -5.2990   -5.9390   0.0230   -0.1580   0.5560
1.0000   1753.8500   3162.2100   0.2330    7.2000    6.5000   8.3000   7.7000   26.9490   26.6510   26.3180   26.2590   -4.9750   -5.2080   -5.4960   -5.5010   0.4080   -0.0920   0.1440
1.0000   1724.8900   3171.7900   0.2030    5.4000    4.8000   6.2000   9.6000   27.2750   27.0070   26.6580   26.0070   -4.6490   -4.8520   -5.1560   -5.7530   0.0260   -0.2270   0.4390
1.0000   1749.3200   3160.6200   0.3520    7.9000    7.3000   9.4000   17.4000  26.8620   26.4450   26.1410   25.2260   -5.0620   -5.4140   -5.6730   -6.5340   0.2900   -0.1160   0.2070

################################
##### NEED TO REMOVE THESE #####
################################
Removed by s/n <= 30 Filter
1.0000   1715.8800   3163.2800   0.3040   52.2000   48.1000   47.7000   39.5000   24.0710   23.7020   23.7640   24.0720   -7.8530   -8.1570   -8.0500   -7.6880   0.2160   -0.1640   0.1320
1.0000   1732.3400   3159.0500   1.9060   3.8000   14.2000   27.2000   52.8000   27.6210   25.6500   24.6940   23.6440   -4.3030   -6.2090   -7.1200   -8.1160   0.0380   0.0160   0.1900
1.0000   1714.3700   3165.4600   1.3000   18.0000   32.3000   29.7000   17.6000   25.7210   24.3560   24.5260   25.1930   -6.2030   -7.5030   -7.2880   -6.5670   0.3880   -0.3430   0.1560

Need to remove:
1.0000   1712.6200   3160.8200   1.2430   9.1000   17.0000   18.1000   8.7000   26.6480   25.3400   25.2520   26.0910   -5.2760   -6.5190   -6.5620   -5.6690   0.4400   -0.3080   0.1860
1.0000   1687.8200   3158.1300   -0.3160   13.3000   8.0000   12.0000   9.8000   26.1340   26.3850   25.7930   25.9450   -5.7900   -5.4740   -6.0210   -5.8150   0.1420   0.0270   0.3590
1.0000   1686.8400   3188.9500   -0.4370   8.8000   4.4000   7.5000   7.4000   26.7250   27.0970   26.3800   26.2730   -5.1990   -4.7620   -5.4340   -5.4870   0.0960   -0.0430   1.0000
1.0000   1703.6500   3141.4800   -0.9270   11.2000   3.7000   4.7000   1.8000   26.4320   27.2940   26.9520   27.8250   -5.4920   -4.5650   -4.8620   -3.9350   0.1180   0.2700   0.1060
1.0000   1754.5400   3165.2400   -0.4550   8.8000   4.5000   2.2000   5.1000   26.6970   27.0870   27.4980   26.7330   -5.2270   -4.7720   -4.3160   -5.0270   0.4780   -0.1720   0.1940
1.0000   1712.8900   3213.5000   0.2590   3.6000   3.3000   6.5000   5.9000   27.8020   27.4780   26.5620   26.5810   -4.1220   -4.3810   -5.2520   -5.1790   0.1660   -0.0430   0.7760
1.0000   1765.7300   3188.5300   -0.2820   5.9000   3.0000   2.5000   1.7000   27.2310   27.4480   27.7520   28.0040   -4.6930   -4.4110   -4.0620   -3.7560   0.2600   0.0610   0.3690

#Same list, just has SRC for wavebands
1.0000   1712.6200   3160.8200   1.2430   9.1000   17.0000   18.1000   8.7000   -5.2760   -6.5190   -6.5620   -5.6690   -0.3080   0.4870   -0.2700   0.1860   -0.1960  0.1910   0.4400   0.1740   0.4070
1.0000   1687.8200   3158.1300   -0.3160   13.3000   8.0000   12.0000   9.8000   -5.7900   -5.4740   -6.0210   -5.8150   0.0270   0.1980   -0.0140   0.3590   0.0290   0.3640   0.1420   0.2880   0.2080
1.0000   1686.8400   3188.9500   -0.4370   8.8000   4.4000   7.5000   7.4000   -5.1990   -4.7620   -5.4340   -5.4870    -0.0430   0.0120   0.1600    1.0000   -0.0120  1.2680   0.0960   0.6690   0.1490
1.0000   1703.6500   3141.4800   -0.9270   11.2000   3.7000   4.7000   1.8000   -5.4920   -4.5650   -4.8620   -3.9350    0.2700   0.0200   0.2140    0.1060   0.1320   0.8380   0.1180   -0.0070  0.3330
1.0000   1754.5400   3165.2400   -0.4550   8.8000   4.5000   2.2000   5.1000   -5.2270   -4.7720   -4.3160   -5.0270    -0.1720   0.4440   -0.2460   0.1940   -0.0140  0.1800   0.4780   0.3110   0.4950
1.0000   1712.8900   3213.5000   0.2590   3.6000   3.3000   6.5000   5.9000   -4.1220   -4.3810   -5.2520   -5.1790     -0.0430   0.2940   -0.1820   0.7760   0.0450   2.0220   0.1660   0.0980   0.1730
1.0000   1765.7300   3188.5300   -0.2820   5.9000   3.0000   2.5000   1.7000   -4.6930   -4.4110   -4.0620   -3.7560     0.0610   0.1370   0.4850    0.3690   0.0340   0.5860   0.2600   -0.2370  0.4160
