1716.38 3163.78
1724.96 3240.29
1655.69 3127.03
1741.83 3221.64
1711.81 3250.86
1790.29 3187.47
1723.43 3083.92
1743.89 3211.48
1747.16 3089.68
1732.84 3159.55
1667.58 3146.26
1760.05 3086.38
1710.05 3232.88
1712.54 3094.16
1714.87 3165.96
1627.45 3170.38
1681.05 3089.19
1718.64 3164.86
1724.01 3262.19
1715.72 3160.93
1664.08 3188.70
1642.18 3168.76
1781.67 3098.58
1713.62 3163.83
1761.74 3092.17
1760.90 3098.70
1699.68 3152.75
1680.22 3120.42
1761.15 3102.02
1717.43 3128.41
1713.12 3161.32
1653.96 3204.38
1765.46 3083.96
1666.07 3148.63
1656.62 3148.68
1759.22 3100.53
1705.27 3138.26
1782.68 3108.92
1647.25 3125.48
1792.84 3188.43
1652.68 3114.70
1710.22 3088.79
1684.79 3150.00
1738.69 3229.74
1771.92 3085.90
1787.86 3186.33
1754.20 3208.59
1665.71 3102.71
1699.78 3150.28
1749.82 3161.12
1663.76 3194.38
1757.68 3152.18
1720.00 3086.80
1752.47 3164.98
1792.50 3185.76
1754.08 3079.42
1633.95 3180.69
1681.23 3245.87
1693.19 3080.95
1688.32 3158.63
1757.46 3105.46
1719.84 3262.24
1684.20 3117.94
1761.29 3127.10
1802.83 3209.72
1646.76 3184.38
1736.77 3266.96
1661.93 3194.16
1635.58 3201.62
1674.18 3205.10
1680.73 3211.39
1704.44 3187.64
1752.21 3260.15
1757.91 3078.72
1802.21 3141.48
1725.71 3250.28
1659.09 3169.79
1817.28 3184.87
1728.10 3084.56
1732.45 3222.63
1789.78 3162.17
1815.20 3133.81
1680.18 3222.96
1647.70 3123.72
1782.42 3129.67
1764.50 3081.63
1760.61 3080.82
1718.06 3151.11
1785.89 3189.63
1734.64 3181.79
1710.73 3079.46
1721.73 3255.99
1678.43 3214.72
1822.84 3189.60
1804.07 3232.80
1758.75 3089.58
1816.87 3144.88
1713.04 3242.40
1727.72 3082.10
1764.15 3093.44
1754.99 3112.49
1692.94 3176.67
1747.22 3149.74
1731.39 3115.56
1767.29 3164.47
1725.70 3154.55
1745.96 3138.82
1737.23 3171.62
1754.35 3162.71
1741.85 3224.92
1721.07 3218.91
1741.19 3100.29
1698.24 3173.46
1665.80 3198.64
1651.39 3125.99
1682.52 3226.98
1656.81 3180.18
1751.68 3247.43
1725.39 3172.29
1732.82 3111.16
1687.31 3081.43
1687.34 3189.45
1755.84 3120.95
1719.23 3084.93
1706.81 3270.08
1754.63 3233.68
1674.61 3154.10
1695.21 3080.68
1662.98 3238.70
1647.63 3127.44
1685.84 3114.44
1808.65 3143.75
1758.96 3111.30
1762.05 3211.59
1690.11 3254.13
1739.82 3197.85
1730.83 3125.77
1711.08 3076.18
1775.65 3098.07
1724.42 3144.13
1693.03 3093.36
1672.18 3135.45
1641.55 3179.22
1676.11 3142.66
1763.09 3248.29
1704.15 3141.98
1755.04 3165.74
1718.54 3081.10
1688.22 3253.25
1760.00 3131.02
1736.21 3160.03
1690.10 3093.72
1810.12 3222.22
1731.36 3168.34
1658.12 3150.29
1671.35 3123.92
1669.45 3153.20
1667.04 3183.76
1693.87 3084.81
1725.97 3122.58
1757.05 3217.13
1741.66 3244.58
1770.80 3106.02
1798.05 3185.43
1752.15 3224.68
1795.30 3187.85
1667.85 3102.20
1701.26 3238.83
1706.50 3092.26
1666.80 3234.85
1704.85 3219.62
1752.34 3255.64
1687.15 3263.14
1764.30 3213.26
1683.20 3091.64
1669.79 3221.67
1664.36 3141.70
1768.40 3237.36
1686.80 3243.82
1789.89 3228.65
1736.35 3238.50
1658.69 3143.54
1769.05 3093.92
1765.20 3095.86
1794.89 3153.80
1755.65 3090.60
1650.49 3114.46
1777.97 3096.99
1641.46 3138.76
1678.92 3125.09
1763.41 3087.64
1643.55 3144.20
1695.31 3230.31
1672.95 3216.54
1672.42 3089.51
1740.69 3082.47
1649.96 3231.19
1685.49 3096.04
1759.10 3227.17
1734.29 3176.15
1655.73 3242.73
1755.31 3189.18
1764.16 3162.76
1689.61 3212.06
1792.33 3171.19
1713.39 3214.00
1667.32 3099.58
1744.62 3083.57
1643.19 3180.29
1771.07 3158.45
1713.77 3079.66
1679.90 3193.22
1642.31 3147.17
1666.61 3138.16
1821.84 3178.83
1747.23 3162.08
1719.82 3260.01
1752.25 3162.82
1789.98 3180.82
1712.33 3216.60
1762.25 3128.90
1653.28 3177.21
1688.39 3178.48
1674.25 3138.72
1712.24 3074.86
1691.96 3154.32
1687.78 3228.45
1691.45 3207.50
1669.62 3174.27
1681.12 3184.52
1702.41 3244.61
1812.80 3197.76
1764.93 3217.57
1721.52 3088.72
1634.46 3194.06
1702.77 3100.35
1752.00 3221.59
1751.57 3194.00
1758.33 3222.09
1673.78 3126.78
1687.31 3204.35
1778.70 3160.46
1778.24 3198.10
1659.25 3167.06
1663.91 3095.72
1707.74 3225.34
1728.69 3182.49
1701.76 3185.57
1708.68 3250.63
1717.36 3180.82
1637.41 3155.26
1766.21 3183.13
1718.46 3074.32
1676.93 3136.65
1693.49 3206.15
1802.31 3232.04
1681.85 3157.11
1765.33 3091.87
1728.93 3228.89
1658.88 3152.77
1767.65 3220.46
1749.57 3162.73
1644.70 3187.88
1736.97 3080.89
1663.07 3111.72
1815.31 3211.64
1724.62 3092.39
1673.81 3185.30
1737.56 3125.06
1695.25 3083.09
1676.45 3149.40
1685.30 3204.53
1648.64 3152.75
1764.76 3211.58
1654.76 3168.50
1668.50 3177.73
1710.95 3224.85
1750.83 3146.71
1747.14 3252.26
1663.66 3105.85
1798.23 3153.66
1709.11 3205.37
1652.72 3134.45
1677.61 3206.61
1714.91 3236.60
1752.30 3170.47
1703.11 3264.22
1666.04 3159.04
1814.63 3177.25
1695.97 3092.73
1752.30 3227.85
1734.67 3212.92
1752.74 3167.62
1800.20 3140.50
1688.75 3187.93
1750.23 3252.40
1680.32 3186.57
1745.34 3170.77
1727.84 3079.16
1675.12 3194.15
1675.42 3222.40
1698.67 3204.80
1718.57 3139.83
1660.72 3211.26
1690.57 3081.39
1697.19 3167.12
1748.15 3186.38
1790.10 3115.68
1812.57 3213.45
1689.72 3181.22
1720.72 3081.69
1705.41 3231.86
1711.94 3109.19
1696.40 3193.51
1794.76 3205.80
1735.25 3107.81
1765.39 3187.19
1760.57 3150.45
1757.07 3144.04
1676.97 3105.49
1702.45 3240.46
1642.26 3222.30
1809.21 3224.57
1632.21 3164.31
1730.24 3178.47
1702.35 3260.25
1658.13 3128.08
1674.26 3247.07
1735.80 3164.18
1761.08 3224.78
1726.84 3210.77
1664.91 3152.23
1805.09 3202.17
1712.31 3222.56
1818.25 3154.01
1758.18 3094.51
1738.79 3215.21
1738.88 3084.29
1675.95 3087.81
1784.39 3104.75
1732.52 3142.32
1766.72 3235.22
1647.42 3141.95
1772.08 3145.14
1768.11 3183.03
1677.70 3086.42
1680.91 3254.98
1690.16 3083.90
1764.13 3089.52
1696.96 3150.69
1783.72 3123.27
1774.14 3233.87
1777.44 3176.53
1660.33 3183.19
1737.86 3122.52
1721.08 3229.86
1709.24 3142.48
1716.45 3210.54
1660.72 3190.63
1820.76 3146.90
1701.03 3269.37
1689.56 3157.20
1645.43 3116.33
1671.57 3189.88
1664.19 3249.00
1768.92 3168.37
1739.58 3184.69
1683.28 3160.36
1725.04 3219.65
1800.59 3164.19
1775.27 3110.42
1784.27 3121.73
1694.49 3165.50
1745.07 3218.59
1708.46 3112.74
1759.50 3204.59
1682.28 3099.06
1676.20 3158.09
1746.84 3199.46
1737.43 3182.79
1766.23 3189.03
1790.37 3111.88
1692.79 3111.93
1731.18 3202.02
1743.24 3181.47
1705.03 3077.59
1718.13 3089.34
1695.93 3176.47
1679.00 3099.88
1700.74 3103.08
1804.76 3139.50
1766.66 3216.83
1701.83 3210.50
1729.32 3138.83
1771.16 3221.23
1813.10 3211.32
1815.98 3136.37
1729.26 3230.43
1754.36 3159.13
1743.29 3129.58
1747.92 3264.23
1769.39 3238.72
1706.79 3153.56
1727.90 3253.98
1724.57 3085.82
1771.82 3154.11
1722.36 3087.44
1759.40 3095.79
1747.79 3206.93
1693.77 3179.43
1692.91 3129.32
1711.58 3208.51
1653.57 3227.96
1764.10 3191.42
1682.09 3094.04
1631.57 3166.60
1669.88 3092.64
1718.65 3254.66
1751.94 3099.75
1677.34 3216.33
1710.99 3220.99
1744.14 3256.29
1819.27 3135.68
1722.34 3265.76
1819.15 3180.39
1740.75 3263.19
1734.54 3214.81
1716.21 3075.85
1746.02 3230.09
1700.54 3259.56
1702.20 3150.32
1706.36 3148.77
1703.60 3201.17
1702.31 3173.44
1735.48 3226.62
1795.44 3111.61
1702.58 3198.33
1732.38 3242.94
1781.39 3105.75
1800.49 3144.03
1715.08 3116.86
1775.63 3227.81
1723.30 3231.56
1752.61 3199.77
1716.95 3185.83
1684.87 3156.38
1759.42 3106.95
1748.40 3235.63
1656.78 3165.55
1739.40 3187.72
1672.78 3230.69
1787.10 3210.67
1763.06 3166.49
1652.97 3135.97
1777.71 3109.29
1710.02 3260.35
1717.33 3199.00
1784.17 3135.04
1694.92 3195.93
1741.04 3089.32
1645.24 3164.20
1698.11 3165.35
1737.20 3195.22
1794.74 3196.48
1703.54 3176.97
1703.54 3185.77
1803.10 3178.46
1765.39 3202.67
1771.96 3113.44
1813.68 3127.34
1708.82 3080.68
1643.08 3124.11
1718.81 3189.85
1763.33 3126.79
1755.25 3202.61
1643.57 3165.31
1805.97 3181.29
1686.18 3211.85
1753.93 3220.29
1784.56 3158.59
1765.43 3102.23
1773.66 3181.38
1773.17 3101.12
1682.17 3260.12
1705.28 3108.73
1682.09 3145.87
1697.98 3265.86
1690.77 3099.74
1761.65 3089.49
1702.30 3188.91
1746.60 3134.07
1662.43 3097.50
1763.60 3259.93
1744.34 3126.74
1797.26 3141.17
1816.21 3161.44
1755.65 3157.20
1730.20 3262.30
1760.25 3165.81
1768.02 3261.44
1759.15 3232.27
1666.62 3223.93
1649.90 3183.34
1816.15 3168.37
1675.73 3173.57
1774.06 3245.59
1690.77 3195.71
1669.44 3239.15
1666.97 3221.51
1754.86 3104.84
1805.53 3230.36
1758.84 3202.23
1801.90 3223.68
1684.65 3082.74
1739.44 3129.58
1736.00 3078.33
1664.64 3131.00
1680.57 3253.08
1817.08 3203.77
1721.22 3115.56
1756.32 3184.36
1690.69 3158.55
1668.76 3154.86
1740.97 3240.13
1741.66 3140.20
1697.76 3181.69
1779.66 3235.23
1773.46 3173.46
1815.10 3145.82
1645.50 3176.17
1696.35 3213.10
1737.64 3248.72
1809.43 3178.89
1757.57 3147.94
1782.43 3111.45
1661.57 3121.65
1691.84 3168.40
1672.20 3140.60
1732.46 3124.65
1665.04 3206.14
1768.61 3099.09
1685.34 3085.79
1734.56 3142.78
1723.53 3263.92
1756.54 3168.12
1720.75 3176.40
1706.86 3259.82
1655.48 3171.59
1774.48 3198.73
1740.59 3150.48
1695.16 3161.71
1754.05 3232.15
1676.49 3104.18
1799.50 3232.14
1714.27 3225.38
1723.07 3094.22
1815.03 3204.02
1747.19 3189.31
1683.08 3247.04
1682.02 3124.90
1664.00 3225.59
1774.81 3229.69
1681.82 3151.21
1758.15 3109.37
1641.77 3153.08
1770.55 3200.11
1674.91 3099.85
1784.71 3186.21
1731.12 3095.07
1727.80 3208.32
1715.49 3193.03
1658.20 3141.72
1688.41 3106.41
1714.02 3232.27
1759.63 3188.50
1801.37 3199.23
1774.95 3106.89
1765.58 3144.30
1803.76 3127.48
1766.54 3106.06
1795.76 3160.91
1690.24 3147.04
1798.03 3177.09
1806.57 3193.68
1720.79 3140.91
1785.10 3171.17
1748.06 3217.35
1761.61 3214.30
1767.36 3248.56
1659.36 3123.79
1728.30 3086.13
1786.00 3102.29
1767.97 3246.55
1797.74 3164.03
1680.28 3203.00
1688.62 3214.32
1786.66 3123.00
1820.35 3161.81
1776.72 3239.38
1772.48 3231.47
1738.07 3159.29
1709.40 3147.54
1701.03 3184.17
1734.35 3146.31
1790.46 3238.35
1756.47 3174.31
1781.41 3151.79
1664.30 3157.67
1768.36 3141.38
1668.79 3163.73
1657.72 3136.65
1673.20 3165.40
1667.84 3229.36
1776.90 3134.01
1771.42 3163.18
1742.29 3156.29
1718.76 3110.51
1677.44 3251.37
1672.44 3160.72
1696.92 3156.10
1634.01 3137.21
1729.09 3153.04
1664.51 3214.36
1774.18 3126.28
1743.04 3268.25
1765.36 3237.28
1802.32 3160.86
1735.55 3216.51
1750.56 3214.40
1796.74 3241.13
