# Object Xpix        Ypix        DisfromSN   Sub    S/N 435   S/N 555   S/N 625   S/N 814   AbsMag 435 AbsMag 555 AbsMag 625 AbsMag 814 Sharp Round Crowd Sharp 435   555   625   814 Round 435   555  625   814 Crowd 435  555  625  814
Top Right
1.0000   1699.7800   3150.2800   42.9830   -0.0130   17.3000   12.5000   11.5000   7.5000   -6.0890   -6.0760   -5.9800   -5.5240   -0.0200   0.2870   0.2100   -0.0860   0.0890   -0.0660   0.0760   0.1490   0.2380   0.3610   0.7170   0.1040   0.1180   0.2690   0.6010
1.0000   1752.4700   3164.9800   17.3836   -0.1000   15.6000   11.1000   11.5000   8.6000   -5.9920   -5.8920   -5.9080   -5.6420   -0.1010   0.1310   0.2970   -0.0240   -0.0570   -0.2360   -0.1600   0.0790   -0.0650   0.3080   0.3260   0.2690   0.2310   0.3250   0.4290
1.0000   1704.4400   3187.6400   35.7240   -0.2860   15.0000   9.0000     8.7000   5.1000   -5.9250   -5.6390   -5.5790   -5.0600   0.1170   0.5460   0.1230   0.1450   0.1360   0.0030   0.1520   0.1310   1.0190   0.5650   0.8920   0.0490   0.0810   0.0740   0.5410

r<15pix
1.0000   1725.3900   3172.2900   11.3090   0.2030   5.4000   4.8000   6.2000   9.6000   -4.6490   -4.8520   -5.1560   -5.7530   -0.2270   0.4390   0.0260   -0.0480   -0.3990   -0.3650   -0.2060   0.3740   0.5490   0.4970   0.3550   0.0120   0.0310   0.0250   0.0380
1.0000   1730.2400   3178.4700   8.9379   0.5200   4.4000   4.7000   3.0000   3.5000   -4.3270   -4.8470   -4.2860   -4.5880   -0.2420   0.7560   0.0750   -0.3170   -0.3450   0.1440   -0.2870   1.0270   0.8320   0.5900   0.2480   0.0500   0.0470   0.1170   0.2080

triangle
1.0000   1749.8200   3161.1200   17.2329   0.3520   7.9000   7.3000   9.4000   17.4000   -5.0620   -5.4140   -5.6730   -6.5340   -0.1160   0.2070   0.2900   -0.2410   -0.1010   -0.0870   -0.0450   0.5090   0.0840   0.1180   0.1210   0.3160   0.3510   0.4080   0.2190
1.0000   1718.0600   3151.1100   28.2151   0.5140   6.0000   6.8000   8.1000   12.0000   -4.6890   -5.2030   -5.4510   -6.0050   -0.4290   0.3910   0.0200   -0.3350   -0.4990   -0.5290   -0.3930   0.3830   0.4040   0.4450   0.3350   0.0180   0.0270   0.0180   0.0200
1.0000   1754.3500   3162.7100   20.0841   0.2330   7.2000   6.5000   8.3000   7.7000   -4.9750   -5.2080   -5.4960   -5.5010   -0.0920   0.1440   0.4080   -0.0150   -0.0140   -0.3390   -0.0150   0.5730   -0.2480   -0.0070   0.2980   0.4920   0.3560   0.3950   0.4250

Yellow other ones
1.0000   1764.1600   3162.7600   29.0683   -0.0710   7.7000   5.5000   3.9000   5.5000   -5.0430   -4.9720   -4.5920   -5.0820   -0.0470   0.2130   0.0620   0.0760   -0.1450   0.1550   -0.3200   -0.2020   0.1460   1.2840   0.1130   0.0130   0.0370   0.1030   0.1620

3 reds
1.0000   1692.9400   3176.6700   43.9775   0.4650   3.6000   3.6000   6.4000   10.8000   -4.0860   -4.5510   -5.2090   -5.9370   -0.1240   0.5370   0.1120   -0.4160   -0.1900   -0.1320   0.0710   0.5600   0.1290   0.9700   0.3840   0.1180   0.1620   0.0880   0.1160
1.0000   1745.9600   3138.8200   34.7295   0.3990   4.9000   4.7000   6.9000   11.3000   -4.4190   -4.8180   -5.2990   -5.9390   -0.1580   0.5560   0.0230   -0.2650   -0.0540   -0.2640   -0.0630   0.5630   0.6890   0.3460   0.6370   0.0080   0.0430   0.0320   0.0210
1.0000   1768.1100   3183.0300   33.1957   -0.0510   4.9000   3.6000   3.7000   2.7000   -4.5320   -4.4810   -4.5700   -4.3230   0.1830   0.6970   0.3300   0.0750   0.4100   0.1140   0.2200   0.3800   0.4560   0.5070   2.4370   0.4060   0.2210   0.4510   0.7410

BAD
1.0000   1732.8400   3159.5500   13.3135   1.9060   3.8000   14.2000   27.2000   52.8000   -4.3030   -6.2090   -7.1200   -8.1160   0.0160   0.1900   0.0380   0.0380   -0.0650   0.0080   0.0480   0.3430   0.3930   0.1390   0.0770   0.2350   0.0200   0.0090   0.0310
1.0000   1752.2500   3162.8200   18.2086   -0.0710   5.5000   3.9000   7.0000   4.1000   -4.6920   -4.6210   -5.3410   -4.8020   -0.3120   0.1500   0.8980   -0.3250   -0.1220   -0.3650   -0.3940   0.0800   0.4640   0.1220   -0.1550   0.9430   0.9460   0.7200   1.3010
1.0000   1755.0400   3165.7400   19.4762   -0.4550   8.8000   4.5000   2.2000   5.1000   -5.2270   -4.7720   -4.3160   -5.0270   -0.1720   0.1940   0.4780   -0.0140   -0.2460   -0.8390   -0.2080   0.3110   0.1800   -0.1270   0.1520   0.4440   0.4950   0.7300   0.5210
1.0000   1716.3800   3163.7800   22.0299   0.3040   52.2000   48.1000   47.7000   39.5000   -7.8530   -8.1570   -8.0500   -7.6880   -0.1640   0.1320   0.2160   -0.0820   -0.2110   -0.2260   -0.1800   0.1330   0.1260   0.1200   0.1590   0.1420   0.2750   0.2610   0.2300
1.0000   1714.8700   3165.9600   22.7288   1.3000   18.0000   32.3000   29.7000   17.6000   -6.2030   -7.5030   -7.2880   -6.5670   -0.3430   0.1560   0.3880   -0.3300   -0.2560   -0.3930   -0.4100   0.1150   0.1760   0.1820   0.1260   0.4570   0.3120   0.3290   0.4740
1.0000   1713.6200   3163.8300   24.5814   1.2090   12.2000   21.8000   18.5000   11.0000   -5.7050   -6.9140   -6.6550   -5.9850   -0.3760   0.2560   0.6330   -0.3390   -0.2450   -0.4210   -0.5710   0.2330   0.2450   0.2820   0.2660   0.6830   0.5210   0.6130   0.7690
1.0000   1713.1200   3161.3200   26.0068   1.2430   9.1000   17.0000   18.1000   8.7000   -5.2760   -6.5190   -6.5620   -5.6690   -0.3080   0.1860   0.4400   -0.1960   -0.2700   -0.3560   -0.4530   0.1740   0.1910   0.1830   0.2010   0.4870   0.4070   0.3710   0.5770
1.0000   1766.2300   3189.0300   33.9447   -0.2820   5.9000   3.0000   2.5000   1.7000   -4.6930   -4.4110   -4.0620   -3.7560   0.0610   0.3690   0.2600   0.0340   0.4850   -0.4880   0.2920   -0.2370   0.5860   0.2320   2.9690   0.1370   0.4160   0.7440   0.6220
1.0000   1704.1500   3141.9800   44.4776   -0.9270   11.2000   3.7000   4.7000   1.8000   -5.4920   -4.5650   -4.8620   -3.9350   0.2700   0.1060   0.1180   0.1320   0.2140   0.1990   1.6550   -0.0070   0.8380   0.4480   -2.4000   0.0200   0.3330   0.1340   0.5400
1.0000   1757.0500   3217.1300   49.2403   -0.2170   9.2000   5.5000   5.4000   5.5000   -5.2140   -4.9970   -4.9530   -5.0740   -0.0680   0.1350   0.0520   0.0300   0.0480   -0.1130   -0.3620   0.2330   0.0980   0.2550   -0.2160   0.0140   0.0410   0.0650   0.1550
1.0000   1689.5600   3157.2000   49.4960   -0.0310   5.5000   3.7000   -0.2000   1.1000   -4.6610   -4.6300   68.1850   -3.3310   -0.0530   0.8670   0.9900   0.0700   -0.1840   -1.7970   -0.4420   0.9250   0.2740   0.4690   2.7140   0.8130   0.7310   7.4210   1.7830
1.0000   1762.0500   3211.5900   46.7654   0.5580   4.4000   5.2000   5.3000   9.4000   -4.3400   -4.8980   -4.9170   -5.7130   -0.4270   0.1830   0.2100   -0.5190   -0.3360   -0.4990   -0.3740   0.1270   0.1590   0.2880   0.1640   0.1990   0.2040   0.3100   0.2690
1.0000   1713.3900   3214.0000   47.7794   0.2590   3.6000   3.3000   6.5000   5.9000   -4.1220   -4.3810   -5.2520   -5.1790   -0.0430   0.7760   0.1660   0.0450   -0.1820   0.1570   -0.2370   0.0980   2.0220   0.2720   0.9760   0.2940   0.1730   0.1610   0.1620
1.0000   1717.4300   3128.4100   47.9262   0.0310   21.1000   15.7000   17.3000   8.3000   -6.3370   -6.3680   -6.4780   -5.6620   0.0070   0.0470   0.0720   -0.0070   0.0390   0.0380   -0.0540   0.1480   -0.0520   0.0320   0.0030   0.0010   0.0390   0.0100   0.4870
1.0000   1741.8300   3221.6400   49.6140   0.3130   40.4000   37.9000   42.6000   51.9000   -7.3270   -7.6400   -7.7570   -8.0490   -0.1950   0.0760   0.0120   -0.1990   -0.1500   -0.1880   -0.2280   0.0820   0.0730   0.1060   0.0390   0.0060   0.0130   0.0120   0.0180
