#Good sources
# Object Xpix        Ypix        Sub      S/N 435  S/N 555  S/N 625  S/N 814  Mag 435   Mag 555   Mag 625   Mag 814  AbsMag435 AbsMag555 AbsMag625 AbsMag814  Crowd    Sharp    Round
1.0000   1704.7700   3137.7600   1.0790   2.1000   5.6000   9.1000   20.1000  28.4040   26.8770   26.1730   25.0400   -3.5200   -4.9820   -5.6410   -6.7200   0.0300   0.2390   0.7920
1.0000   1717.5600   3150.6100   0.5540   6.0000   6.8000   8.1000   12.0000  27.2350   26.6560   26.3630   25.7550   -4.6890   -5.2030   -5.4510   -6.0050   0.0200  -0.4290   0.3910
1.0000   1734.1400   3181.2900   1.4800   1.1000   3.1000   3.7000   11.9000  29.2220   27.5560   27.2640   25.7300   -2.7020   -4.3030   -4.5500   -6.0300   0.0850  -0.2540   1.9120
1.0000   1692.4400   3176.1700   0.7280   3.6000   3.6000   6.4000   10.8000  27.8380   27.3080   26.6050   25.8230   -4.0860   -4.5510   -5.2090   -5.9370   0.1120  -0.1240   0.5370
1.0000   1745.4600   3138.3200   0.6400   4.9000   4.7000   6.9000   11.3000  27.5050   27.0410   26.5150   25.8210   -4.4190   -4.8180   -5.2990   -5.9390   0.023   -0.1580   0.5560
1.0000   1753.8500   3162.2100   0.0050   7.2000   6.5000   8.3000   7.7000   26.9490   26.6510   26.3180   26.2590   -4.9750   -5.2080   -5.4960   -5.5010   0.4080  -0.0920   0.1440
1.0000   1724.8900   3171.7900   0.5970   5.4000   4.8000   6.2000   9.6000   27.2750   27.0070   26.6580   26.0070   -4.6490   -4.8520   -5.1560   -5.7530   0.0260  -0.2270   0.4390
1.0000   1739.3200   3197.3500   1.3250   2.8000  -0.9000   3.4000   10.0000  28.1360   99.9990   27.3380   25.9590   -3.7880   68.1400   -4.4760   -5.8010   0.0770  -0.0100   0.5330
1.0000   1723.9200   3143.6300   1.2940   2.0000   1.6000   3.5000   9.5000   28.4340   28.2960   27.3530   26.0050   -3.4900   -3.5630   -4.4610   -5.7550   0.1340  -0.0800   0.5320
1.0000   1730.8600   3167.8400   0.2940   1.5000   0.0000   3.5000   4.5000   28.4820   32.0060   26.9120   26.5640   -3.4420    0.1470   -4.9020   -5.1960   0.0820   0.0340   0.7210
1.0000   1763.6600   3162.2600   0.4900   7.7000   5.5000   3.9000   5.5000   26.8810   26.8870   27.2220   26.6780   -5.0430   -4.9720   -4.5920   -5.0820   0.0620  -0.0470   0.2130
1.0000   1691.4600   3153.8200   0.8090   1.0000   1.1000   3.6000   6.7000   29.2290   28.5790   27.2360   26.3730   -2.6950   -3.2800   -4.5780   -5.3870   0.3190   0.0650   1.2430
1.0000   1751.8000   3169.9700   0.3850   3.1000   1.7000   3.9000   5.1000   27.6390   28.2480   27.1840   26.7450   -4.2850   -3.6110   -4.6300   -5.0150   0.2470   0.1310   1.2510
1.0000   1729.7400   3177.9700   0.3020   4.4000   4.7000   3.0000   3.5000   27.5970   27.0120   27.5280   27.1720   -4.3270   -4.8470   -4.2860   -4.5880   0.0750  -0.2420   0.7560
1.0000   1726.3400   3210.2700   0.6720   3.0000   0.8000   3.4000   5.6000   28.0360   29.1250   27.3640   26.6380   -3.8880   -2.7340   -4.4500   -5.1220   0.1780   0.0170   0.7610
1.0000   1744.8400   3170.2700  -0.2150   6.6000   0.7000   4.3000   3.3000   27.1150   29.1150   27.0820   27.2430   -4.8090   -2.7440   -4.7320   -4.5170   0.2610   0.0050   1.6320
1.0000   1738.2900   3214.7100  -0.0610   2.3000   3.7000   6.3000   5.5000   28.2880   27.3520   26.6610   26.6680   -3.6360   -4.5070   -5.1530   -5.0920   0.1590  -0.1420   0.3310
1.0000   1742.7400   3180.9700  -0.1450   3.1000   1.7000   4.3000   3.5000   28.0160   28.2240   27.0860   27.1770   -3.9080   -3.6350   -4.7280   -4.5830   0.0690  -0.0220   1.8170
1.0000   1705.8600   3148.270   -0.0940   3.1000   1.7000   3.5000   3.0000   28.0260   28.1760   27.3080   27.3480   -3.8980   -3.6830   -4.5060   -4.4120   0.1240  -0.2780   0.7350

Good point in 435-555 plot:
1.0000   1699.2800   3149.7800   -0.4560   17.3000   12.5000  11.5000  7.5000   25.8350   25.7830   25.8340   26.2360   -6.0890   -6.0760   -5.9800   -5.5240   0.2100   -0.0200   0.2870
1.0000   1703.9400   3187.1400   -0.5190   15.0000   9.0000   8.7000   5.1000   25.9990   26.2200   26.2350   26.7000   -5.9250   -5.6390   -5.5790   -5.0600   0.1230    0.1170   0.5460
1.0000   1751.9700   3164.4800   -0.2660   15.6000   11.1000  11.5000  8.6000   25.9320   25.9670   25.9060   26.1180   -5.9920   -5.8920   -5.9080   -5.6420   0.2970   -0.1010   0.1310
1.0000   1749.3200   3160.6200    0.8610    7.9000   7.3000   9.4000   17.4000  26.8620   26.4450   26.1410   25.2260   -5.0620   -5.4140   -5.6730   -6.5340   0.2900   -0.1160   0.2070
1.0000   1751.0700   3193.5000    0.7800   -0.8000   0.1000   3.4000   6.0000   99.9990   30.9150   27.3900   26.5560   68.0750   -0.9440   -4.4240   -5.2040   0.2580   -0.0320   0.3440

# Haven't figured out if these are bad sources even tho s/n < 0
1.0000   1766.7900   3163.9700   1.0380   -0.6000   0.5000    4.2000   9.5000   99.9990   29.5720   27.1260   26.0340   68.0750   -2.2870   -4.6880   -5.7260   0.4280   0.1220   0.6990
1.0000   1762.5600   3165.9900   0.3630   -1.7000   -0.7000   3.8000   4.9000   99.9990   99.9990   27.2200   26.8030   68.0750   68.1400   -4.5940   -4.9570   0.3600   0.1450   0.8020
1.0000   1757.1800   3151.6800   1.5980   -0.5000   0.3000    3.4000   8.4000   99.9990   30.0810   27.3490   25.6970   68.0750   -1.7780   -4.4650   -6.0630   0.2970   -0.1400   0.1450
1.0000   1746.7200   3149.2400   1.1950   -0.4000   -0.0000   3.9000   9.9000   99.9990   33.6130   27.2160   25.9670   68.0750   1.7540    -4.5980   -5.7930   0.0430   -0.0030   1.1260
1.0000   1725.2000   3154.0500   0.7890   -0.5000   -1.4000   3.7000   7.0000   99.9990   99.9990   26.8540   26.0110   68.0750   68.1400   -4.9600   -5.7490   0.0470   -0.4300   0.4590
2.0000   1728.5900   3152.5400   0.9270   -4.0000   0.3000    3.1000   6.4000   99.9990   29.8410   27.4740   26.4930   68.0750   -2.0180   -4.3400   -5.2670   0.0800   -0.3160   0.2620

Really high round values :\
XX1.0000   1691.4600   3153.8200   0.8090   1.0000   1.1000   3.6000   6.7000   29.2290   28.5790   27.2360   26.3730   -2.6950   -3.2800   -4.5780   -5.3870   0.3190   0.0650   1.2430
XX1.0000   1751.8000   3169.9700   0.3850   3.1000   1.7000   3.9000   5.1000   27.6390   28.2480   27.1840   26.7450   -4.2850   -3.6110   -4.6300   -5.0150   0.2470   0.1310   1.2510
XX1.0000   1744.8400   3170.2700  -0.2150   6.6000   0.7000   4.3000   3.3000   27.1150   29.1150   27.0820   27.2430   -4.8090   -2.7440   -4.7320   -4.5170   0.2610   0.0050   1.6320
XX1.0000   1742.7400   3180.9700  -0.1450   3.1000   1.7000   4.3000   3.5000   28.0160   28.2240   27.0860   27.1770   -3.9080   -3.6350   -4.7280   -4.5830   0.0690  -0.0220   1.8170
XX1.0000   1734.1400   3181.2900   1.4800   1.1000   3.1000   3.7000   11.9000  29.2220   27.5560   27.2640   25.7300   -2.7020   -4.3030   -4.5500   -6.0300   0.0850  -0.2540   1.9120

################################
##### NEED TO REMOVE THESE #####
################################
Removed by s/n <= 30 Filter
1.0000   1732.3400   3159.0500   0.9960   3.8000   14.2000   27.2000   52.8000   27.6210   25.6500   24.6940   23.6440   -4.3030   -6.2090   -7.1200   -8.1160   0.0380   0.0160   0.1900
1.0000   1715.8800   3163.2800   -0.3620   52.2000   48.1000   47.7000   39.5000   24.0710   23.7020   23.7640   24.0720   -7.8530   -8.1570   -8.0500   -7.6880   0.2160   -0.1640   0.1320
1.0000   1714.3700   3165.4600   -0.7210   18.0000   32.3000   29.7000   17.6000   25.7210   24.3560   24.5260   25.1930   -6.2030   -7.5030   -7.2880   -6.5670   0.3880   -0.3430   0.1560

# Need to remove
1.0000   1699.1800   3152.2500   0.7730   2.1000   4.5000   8.2000   19.9000   28.3550   27.0430   25.8290   25.0020   -3.5690   -4.8160   -5.9850   -6.7580   0.3640   0.0150   0.2570
1.0000   1712.6200   3160.8200   -0.8930   9.1000   17.0000   18.1000   8.7000   26.6480   25.3400   25.2520   26.0910   -5.2760   -6.5190   -6.5620   -5.6690   0.4400   -0.3080   0.1860
1.0000   1753.7000   3208.0900   0.8700   1.3000   3.9000   9.5000   18.1000   28.9890   27.2440   26.1550   25.2310   -2.9350   -4.6150   -5.6590   -6.5290   0.0860   -0.2240   0.1200
Removed by 435-625 bad list:
1.0000   1687.8200   3158.1300   -0.2060   13.3000   8.0000   12.0000   9.8000   26.1340   26.3850   25.7930   25.9450   -5.7900   -5.4740   -6.0210   -5.8150   0.1420   0.0270   0.3590
Removed by 435-625 bad list:
1.0000   1686.8400   3188.9500   0.0530   8.8000   4.4000   7.5000   7.4000   26.7250   27.0970   26.3800   26.2730   -5.1990   -4.7620   -5.4340   -5.4870   0.0960   -0.0430   1.0000
Removed by 435-625 bad list:
1.0000   1712.8900   3213.5000   -0.0730   3.6000   3.3000   6.5000   5.9000   27.8020   27.4780   26.5620   26.5810   -4.1220   -4.3810   -5.2520   -5.1790   0.1660   -0.0430   0.7760
1.0000   1750.3300   3146.2100   -0.0240   0.5000   -0.2000   4.8000   4.4000   30.0870   99.9990   26.9410   26.9110   -1.8370   68.1400   -4.8730   -4.8490   0.2530   0.1060   0.3040
1.0000   1751.8000   3169.9700   0.3850   3.1000   1.7000   3.9000   5.1000   27.6390   28.2480   27.1840   26.7450   -4.2850   -3.6110   -4.6300   -5.0150   0.2470   0.1310   1.2510
1.0000   1698.1700   3204.3000   0.2400   -0.7000   -0.3000   4.4000   5.0000   99.9990   99.9990   27.0610   26.7670   68.0750   68.1400   -4.7530   -4.9930   0.0660   -0.1080   0.1390
1.0000   1693.2700   3178.9300   0.7940   -1.8000   2.1000   3.1000   5.6000   99.9990   27.9380   27.4500   26.6020   68.0750   -3.9210   -4.3640   -5.1580   0.3250   0.0010   1.3630

#Same list, just has SRC for wavebands
1.0000   1699.1800   3152.2500   0.7730   2.1000   4.5000   8.2000   19.9000   -3.5690   -4.8160   -5.9850   -6.7580      0.0150   -0.0380    0.0470   0.2570   0.1500   0.4500   0.3640   0.2280   0.1460
1.0000   1712.6200   3160.8200   -0.8930   9.1000   17.0000   18.1000   8.7000   -5.2760   -6.5190   -6.5620   -5.6690   -0.3080   -0.3560   -0.4530   0.1860   0.1830   0.2010   0.4400   0.3710   0.5770
1.0000   1753.7000   3208.0900   0.8700   1.3000   3.9000   9.5000   18.1000   -2.9350   -4.6150   -5.6590   -6.5290     -0.2240   -0.0800   -0.1930   0.1200   0.2050   0.0310   0.0860   0.1010   0.0720
1.0000   1687.8200   3158.1300   -0.2060   13.3000   8.0000   12.0000   9.8000   -5.7900   -5.4740   -6.0210   -5.8150    0.0270   0.0380     0.0450   0.3590   0.3520   0.5020   0.1420   0.0740   0.0750
1.0000   1686.8400   3188.9500   0.0530   8.8000   4.4000   7.5000   7.4000   -5.1990   -4.7620   -5.4340   -5.4870      -0.0430   0.0290    -0.2900   1.0000   1.6430   0.4610   0.0960   0.0700   0.2580
1.0000   1712.8900   3213.5000   -0.0730   3.6000   3.3000   6.5000   5.9000   -4.1220   -4.3810   -5.2520   -5.1790     -0.0430   0.1570    -0.2370   0.7760   0.2720   0.9760   0.1660   0.1610   0.1620
1.0000   1750.3300   3146.2100   -0.0240   0.5000   -0.2000   4.8000   4.4000   -1.8370   68.1400   -4.8730   -4.8490     0.1060   0.0470     0.0560   0.3040   0.2730   0.3770   0.2530   0.1070   0.4530
1.0000   1751.8000   3169.9700   0.3850   3.1000   1.7000   3.9000   5.1000   -4.2850   -3.6110   -4.6300   -5.0150       0.1310   0.3320     0.1080   1.2510   0.5860   1.3400   0.2470   0.3490   0.1840
1.0000   1698.1700   3204.3000   0.2400   -0.7000   -0.3000   4.4000   5.0000   68.0750   68.1400   -4.7530   -4.9930    -0.1080   -0.1180   -0.2170   0.1390   0.2000   -0.0710  0.0660   0.0920   0.0680
1.0000   1693.2700   3178.9300   0.7940   -1.8000   2.1000   3.1000   5.6000   68.0750   -3.9210   -4.3640   -5.1580      0.0010   0.0120     0.0450   1.3630   2.5790   0.1820   0.3250   0.2680   0.3770

