Mun1.30Zm1.71T00.0794,                                         1.9358,  6.1270,   5.2822, -0.1156, -0.0468,  0.0864, -0.7777,  6.0651,   5.3032,  2.1801,   1.8813,  1.0892,  0.5168,  0.1098,  0.4628,  0.3078, -0.0560,   5.1621,   5.8427,  4.8347, -0.3420,   0.2015, -0.0294,  0.7132,  0.0078,  0.0163,  0.1367,  0.2150,   0.3229,  0.1713,  0.0659,  0.1482,  0.4398,  0.0067,  0.0019, 99.9999, 99.9999, 99.9999
Mun1.30Zm1.71T00.0891,                                          1.9712,  6.3817,  5.4404, -0.1226, -0.0534,  0.0920,  -0.8140,   6.3096,  5.4376,  2.2159,  1.9102,  1.1049,  0.5229, -0.0238,  0.3877,  0.3248, -0.0451,   5.2813,  6.0214,  4.9565, -0.3200,   0.1823, -0.0229,  0.6733,  0.0084,  0.0175,  0.1596,  0.2232,  0.3326,  0.1740,   0.0686,  0.1481,   0.4589,  0.0065,  0.0019, 99.9999, 99.9999, 99.9999
Mun1.30Zm1.71T00.1000,                                          1.9469,  6.5111,   5.5345, -0.1266, -0.0569,  0.0900,  -0.8139,  6.4433,  5.5147,  2.2421,   1.9309,  1.1127,  0.5209, -0.1200,   0.3293,  0.3279, -0.0690,   5.3427,  6.1027,  5.0227, -0.3002,  0.1657, -0.0167,  0.6370,   0.0088,  0.0182,  0.1679,  0.2205,  0.3319,  0.1807,  0.0733,  0.1469,  0.4531,   0.0060,   0.0019, 99.9999, 99.9999, 99.9999
Mun1.30Zm1.71T00.1122,                                         2.0499,  6.0937,  5.2491,  -0.1166, -0.0482,  0.1937, -0.0512,  5.3818,  4.8934,  2.0833,  1.7879,  1.0119,  0.4513,  0.2146,  0.4397,  0.8259,  0.3244,  4.4498,  5.2202,  4.2494, -0.3536,  0.3612, -0.0270,   1.5869,  0.0176,  0.0420,   0.4664,  0.8348,  0.8742,  0.5135,  0.3459,  0.2901,   0.7898,  0.0114,  0.0196, 99.9999, 99.9999, 99.9999
Mun1.30Zm1.71T00.1259,                                         2.0369,  6.2783,  5.3524, -0.1210,  -0.0521,   0.2080,  -0.0388,  5.4957,  4.9471,   2.0979,  1.7992,  1.0171,   0.4519,  0.1512,  0.4152,  0.8561,   0.3289,  4.4530,   5.2581,   4.2619, -0.3475,  0.3613, -0.0261,   1.6072,  0.0182,  0.0441,   0.5060,   0.8678,  0.9025,  0.5308,  0.3584,  0.2952,  0.8031,   0.0119,  0.0213, 99.9999, 99.9999, 99.9999
Mun1.30Zm1.71T00.1413,                                         2.0400,   6.4176,  5.4276, -0.1253, -0.0566,  0.2130,  -0.0403,  5.6078,  4.9922,  2.1013,  1.8007,  1.0142,  0.4459,  0.0682,  0.3708,  0.8504,  0.3344,  4.4771,   5.3124,  4.2927, -0.3461,   0.3401,  -0.0225,  1.5726,  0.0180,   0.0439,  0.5232,  0.8685,  0.9009,  0.5211,   0.3512,  0.3039,  0.8184,  0.0116,  0.0200,  99.9999, 99.9999, 99.9999
Mun1.30Zm1.71T00.1585,                                         2.1928,  6.6209,  5.5359, -0.1305, -0.0620,   0.2138, -0.0318,  5.7373,  5.0549,  2.1132,  1.8111,   1.0224,  0.4529,  0.0055,  0.3380,   0.8554,  0.3629,  4.5045,  5.3858,  4.3242, -0.3587,  0.3241,  -0.0188,  1.5738,  0.0174,  0.0430,   0.5354,  0.8773,  0.9088,  0.5104,  0.3429,  0.3128,  0.8545,  0.0112,  0.0177, 99.9999, 99.9999, 99.9999
Mun1.30Zm1.71T00.1778,                                         2.2278,  6.6458,  5.5686, -0.1310,  -0.0623,  0.2210,   0.0010,   5.7371,   5.0782,  2.1254,  1.8205,  1.0248,  0.4505,  0.0170,   0.3238,  0.8724,  0.3786,  4.5182,  5.3871,   4.3353, -0.3512,  0.3236, -0.0189,  1.5755,  0.0179,  0.0442,  0.5612,  0.8832,  0.9208,  0.5163,  0.3456,  0.3134,  0.8446,  0.0118,  0.0193, 99.9999, 99.9999, 99.9999
Mun1.30Zm1.71T00.1995,                                         2.2064,  6.7036,  5.6228, -0.1321,  -0.0626,  0.2319,  0.0193,  5.7529,  5.1064,  2.1351,   1.8254,  1.0210,   0.4403,  0.0183,  0.3071,   0.8865,  0.3813,  4.5263,  5.3863,  4.3418, -0.3311,   0.3374, -0.0195,  1.5985,  0.0192,  0.0472,  0.5910,   0.9029,  0.9399,  0.5435,  0.3631,   0.3208,  0.8775,  0.0130,   0.0228, 99.9999, 99.9999, 99.9999
Mun1.30Zm1.71T00.2239,                                         2.4335,  7.0739,  5.8605, -0.1406, -0.0695,  0.2262, -0.1032,  6.1457,  5.3327,  2.2153,  1.8970,   1.0743,  0.4803, -0.0998,  0.2812,  0.8817,  0.3720,   4.7121,   5.6541,   4.5199, -0.3466,  0.3195, -0.0145,  1.5801,   0.0184,  0.0463,  0.5888,  0.8893,  0.9236,  0.5355,  0.3488,  0.3221,   0.8781,   0.0126,  0.0212, 99.9999, 99.9999, 99.9999
Mun1.30Zm1.71T00.2512,                                         2.5040,   7.3188,  6.0082, -0.1456, -0.0741,   0.2198, -0.1988,  6.4009,  5.4979,  2.2681,   1.9418,  1.1028,  0.4970,  -0.1499,  0.2702,  0.8739,  0.3283,  4.8649,  5.8376,  4.6562, -0.3554,  0.3057, -0.0140,   1.5302,  0.0176,  0.0460,   0.5909,  0.8649,  0.9026,  0.5324,  0.3371,   0.3181,   0.8605,  0.0129,  0.0217, 99.9999, 99.9999, 99.9999
Mun1.30Zm1.71T00.2818,                                         2.5851,   7.7187,  6.2280,  -0.1545, -0.0830,   0.2081,  -0.3540,   6.8284,  5.7348,  2.3469,  2.0149,  1.1630,   0.5478, -0.2633,  0.2611,   0.8571,   0.2996,  5.0696,  6.1321,   4.8456, -0.3751,   0.2877, -0.0104,  1.4821,   0.0164,  0.0445,  0.5911,   0.8335,  0.8772,  0.5142,  0.3189,  0.3143,  0.8492,  0.0130,   0.0214, 99.9999, 99.9999, 99.9999
Mun1.30Zm1.71T00.3162,                                         2.5233,  7.7701,   6.2590,  -0.1560,  -0.0846,  0.1976, -0.3731,   6.8598,  5.7668,  2.3370,   2.0030,   1.1452,  0.5264, -0.2797,  0.2380,   0.7983,  0.2607,  5.1441,   6.1767,  4.8987, -0.3714,  0.2485, -0.0138,  1.3439,  0.0155,  0.0416,  0.5729,  0.7763,  0.8267,  0.4663,  0.2901,   0.2840,   0.8038,  0.0130,   0.0197, 99.9999, 99.9999, 99.9999
Mun1.30Zm1.71T00.3548,                                         2.6904,  8.0478,  6.4275, -0.1618, -0.0904,  0.1974, -0.4570,   7.1214,  5.8985,  2.3701,   2.0341,   1.1742,  0.5540,  -0.3372,  0.2398,  0.7661,   0.3367,  5.2300,   6.3335,  4.9782, -0.3894,  0.2319, -0.0176,  1.3273,  0.0159,  0.0402,  0.5626,  0.7784,  0.8104,  0.4358,  0.2832,  0.2633,  0.8112,  0.0128,  0.0190,  99.9999, 99.9999, 99.9999
Mun1.30Zm1.71T00.3981,                                          2.6838,  8.2210,   6.4624, -0.1662, -0.0960,   0.2034, -0.4546,  7.2504,  5.9248,  2.3813,  2.0487,  1.1964,  0.5814, -0.4192,  0.2346,  0.7884,  0.3554,  5.2287,  6.3984,  4.9885, -0.4072,  0.2304, -0.0157,  1.3424,  0.0156,  0.0402,  0.5839,  0.7834,  0.8253,  0.4383,  0.2861,   0.2524,  0.8059,  0.0128,  0.0193, 99.9999, 99.9999, 99.9999
Mun1.30Zm1.71T00.4467,                                         2.7666,  8.3166,  6.5162, -0.1682, -0.0980,   0.2044, -0.4683,  7.3391,   5.9698,  2.3969,  2.0623,  1.2063,  0.5883, -0.4412,  0.2236,  0.7881,   0.4152,  5.2534,  6.4436,  5.0126, -0.4276,  0.2154, -0.0166,  1.3222,  0.0170,   0.0400,   0.5582,  0.7875,  0.8167,  0.4338,  0.2802,  0.2404,  0.8120,   0.0126,  0.0183, 99.9999, 99.9999, 99.9999
Mun1.30Zm1.71T00.5012,                                         2.7878,  8.5230,   6.6029, -0.1736, -0.1038,  0.2041,  -0.4644,  7.5171,   6.0438,  2.4250,   2.0882,  1.2255,  0.6023, -0.4770,   0.2079,  0.8127,  0.3846,  5.3143,  6.5457,  5.0730,  -0.4521,   0.1987, -0.0139,  1.2715,  0.0160,   0.0386,  0.5754,  0.7651,   0.7953,  0.4174,  0.2669,  0.2272,  0.8012,  0.0114,  0.0164, 99.9999, 99.9999, 99.9999
Mun1.30Zm1.71T00.5623,                                         2.7613,  8.5358,  6.5889, -0.1739, -0.1046,  0.2077, -0.4373,  7.4956,  6.0143,  2.4155,  2.0800,   1.2220,   0.6022, -0.4783,  0.2131,   0.8422,  0.4063,  5.2855,  6.5213,  5.0490,  -0.4513,  0.2079, -0.0120,   1.3019,  0.0157,  0.0391,   0.5939,  0.7791,   0.8025,  0.4254,  0.2711,   0.2292,  0.8161,   0.0114,  0.0168, 99.9999, 99.9999, 99.9999
Mun1.30Zm1.71T00.6310,                                          2.8820,   8.5960,   6.5928, -0.1756, -0.1068,  0.2084, -0.3916,  7.5308,  6.0059,  2.4175,  2.0838,  1.2306,  0.6141,  -0.5320,   0.2046,  0.8652,  0.4795,  5.2490,   6.5310,   5.0254, -0.4691,   0.2033, -0.0104,  1.3228,  0.0172,  0.0389,  0.5668,  0.7978,  0.8116,  0.4309,  0.2614,  0.2171,   0.8303,  0.0113,  0.0156, 99.9999, 99.9999, 99.9999
Mun1.30Zm1.71T00.7079,                                         2.7243,  8.3924,  6.4251,  -0.1720,  -0.1053,  0.2189, -0.2437,  7.2547,  5.8099,  2.3445,  2.0184,  1.1859,  0.5851,  -0.4860,   0.2056,  0.8774,  0.4487,  5.1183,  6.3626,  4.9029, -0.4636,  0.2041,  -0.0086,  1.3170,   0.0158,  0.0393,  0.6042,  0.7932,  0.8065,  0.4272,  0.2563,  0.2117,  0.8197,  0.0109,  0.0149, 99.9999, 99.9999, 99.9999
Mun1.30Zm1.71T00.7943,                                         2.7028,  8.2476,  6.3005, -0.1689, -0.1037,  0.2253, -0.1063,  7.0354,  5.6622,  2.3010,   1.9821,   1.1652,  0.5755, -0.4313,  0.2107,  0.9264,  0.4734,  5.0015,  6.2308,  4.7947, -0.4730,   0.2152, -0.0058,  1.3656,  0.0156,  0.0399,  0.6205,  0.8131,   0.8235,  0.4341,   0.2535,  0.2090,   0.8315,  0.0107,  0.0145, 99.9999, 99.9999, 99.9999
Mun1.30Zm1.71T00.8913,                                         2.6401,   7.9113,  6.0257, -0.1621,  -0.0996,  0.2372,  0.1033,  6.6079,  5.3705,  2.1976,  1.8915,  1.1047,  0.5372, -0.3504,  0.2286,  0.9680,   0.4862,  4.7675,  5.9562,  4.5829, -0.4772,  0.2223, -0.0043,  1.4062,  0.0150,   0.0403,  0.6433,  0.8303,  0.8434,  0.4408,  0.2534,  0.2074,  0.8339,  0.0105,  0.0141,  99.9999, 99.9999, 99.9999
Mun1.30Zm1.71T01.0000,                                          2.6488,  7.8101,   5.9241,  -0.1605, -0.0994,  0.2444,  0.2137,  6.4509,  5.2535,  2.1572,  1.8565,  1.0804,  0.5204, -0.3256,  0.2151,   0.9901,   0.4462,  4.6779,  5.8603,  4.5041,  -0.4742,  0.2180,  -0.0021,   1.4001,   0.0137,  0.0399,  0.6671,   0.8247,  0.8410,   0.4314,  0.2459,  0.1975,  0.8382,  0.0103,  0.0137, 99.9999, 99.9999, 99.9999
Mun1.30Zm1.31T00.0631,                                          1.6297,  5.8736,  5.1332, -0.1102, -0.0411,   0.1178, -0.4350,   5.6664,  5.0809,  2.1384,  1.8400,   1.0386,  0.4575,  0.2325,  0.4586,  0.4715,  0.1393,  4.9798,  5.6443,  4.6871,  -0.3900,   0.1996, -0.0265,  0.9652,  0.0091,   0.0200,   0.2516,  0.3942,  0.5107,  0.2375,  0.1599,  0.1774,  0.5449,  0.0069,  0.0030,  99.9999, 99.9999, 99.9999
Mun1.30Zm1.31T00.0708,                                         1.5814,  6.0138,  5.2257, -0.1137, -0.0441,   0.1093, -0.4620,   5.8190,   5.1738,  2.1698,  1.8669,  1.0546,  0.4651,   0.1615,  0.4244,  0.4719,  0.0574,  5.0591,   5.7393,  4.7627, -0.3768,  0.1858, -0.0234,  0.9105,  0.0086,  0.0196,  0.2488,  0.3638,  0.4814,  0.2234,  0.1457,  0.1620,   0.5174,  0.0066,  0.0026, 99.9999, 99.9999, 99.9999
Mun1.30Zm1.31T00.0794,                                         1.5854,  6.2424,  5.3559, -0.1199, -0.0499,  0.1131,  -0.4820,   6.0278,  5.2863,  2.2020,   1.8936,  1.0738,  0.4790,   0.0484,  0.3796,  0.4930,   0.0340,   5.1386,  5.8691,   4.8427, -0.3608,  0.1797, -0.0194,  0.8831,   0.0079,  0.0196,  0.2584,  0.3636,  0.4819,  0.2152,  0.1398,  0.1460,   0.4991,   0.0061,   0.0030,  99.9999, 99.9999, 99.9999
Mun1.30Zm1.31T00.0891,                                          1.6590,   6.4066,  5.4651,  -0.1244, -0.0542,  0.1077, -0.4912,  6.1652,  5.3653,  2.2173,  1.9032,  1.0715,  0.4679, -0.0280,   0.3299,  0.4822,  0.0553,  5.2044,  5.9560,   4.9104, -0.3544,  0.1566, -0.0147,  0.8521,   0.0084,  0.0200,   0.2648,  0.3549,  0.4801,   0.2113,  0.1415,  0.1391,   0.4962,  0.0060,   0.0023, 99.9999, 99.9999, 99.9999
Mun1.30Zm1.31T00.1000,                                          1.7256,  6.5317,  5.5280,  -0.1280,  -0.0583,  0.1106, -0.4956,  6.2686,  5.4128,  2.2228,  1.9071,   1.0729,  0.4678, -0.0757,  0.2982,  0.4844,  0.0640,   5.2323,  6.0084,  4.9414, -0.3463,  0.1528, -0.0107,  0.8521,   0.0082,  0.0203,  0.2818,  0.3546,  0.4827,  0.2095,  0.1409,  0.1402,  0.5117,  0.0062,  0.0027, 99.9999, 99.9999, 99.9999
Mun1.30Zm1.31T00.1122,                                         1.8154,  6.2262,  5.3038, -0.1193, -0.0505,  0.1808,  0.0422,  5.4707,  4.9540,   2.1031,   1.7964,  0.9956,  0.4167,  0.1794,  0.4078,  0.8839,  0.5408,  4.5866,  5.3974,  4.3823, -0.3401,   0.3863, -0.0241,   1.7095,  0.0150,   0.0425,  0.5429,  0.8642,  0.9516,  0.5299,  0.3344,  0.2620,   0.8497,  0.0171,   0.0291,  99.9999, 99.9999, 99.9999
Mun1.30Zm1.31T00.1259,                                         1.9882,  6.4726,  5.4805, -0.1256, -0.0568,  0.1752, -0.0038,  5.7038,  5.1015,  2.1380,   1.8263,  1.0135,  0.4257,  0.1160,   0.3618,  0.8590,   0.5601,   4.6975,  5.5307,  4.4811,  -0.2913,  0.3783, -0.0204,  1.6270,   0.0138,  0.0417,  0.5706,  0.8318,  0.9246,  0.5033,  0.3047,  0.2349,  0.8361,   0.0190,   0.0326, 99.9999, 99.9999, 99.9999
Mun1.30Zm1.31T00.1413,                                         2.0961,   6.5461,   5.5070,  -0.1280,  -0.0602,  0.1851,   0.0310,   5.7303,  5.1089,  2.1313,  1.8188,  1.0048,  0.4160,   0.0995,  0.3352,  0.8775,  0.5820,   4.6923,  5.5308,  4.4747, -0.2696,  0.3831,  -0.0173,  1.6209,  0.0130,   0.0422,  0.6000,   0.8319,  0.9306,  0.5034,  0.2972,  0.2285,  0.8601,   0.0200,   0.0347, 99.9999, 99.9999, 99.9999
Mun1.30Zm1.31T00.1585,                                         2.1404,  6.5032,  5.4734, -0.1257, -0.0580,   0.1843,  0.1420,   5.6173,  5.0315,  2.1156,  1.8038,  0.9952,  0.4114,  0.1487,  0.3515,  0.9621,   0.9947,  4.5958,  5.4642,  4.3966, -0.3390,   0.3898, -0.0232,  1.7629,  0.0219,  0.0467,  0.5390,   0.9398,  0.9772,  0.5472,  0.3072,  0.2479,  0.9517,  0.0215,  0.0350,  99.9999, 99.9999, 99.9999
Mun1.30Zm1.31T00.1778,                                         2.1561,   6.5592,  5.4738, -0.1256, -0.0583,  0.1647,  0.2113,  5.6448,  5.0231,   2.1156,  1.8041,   0.9990,   0.4182,  0.1188,  0.3613,  1.0193,  1.3673,  4.5697,  5.4836,  4.3799, -0.4343,  0.3636, -0.0264,  1.8053,  0.0301,   0.0470,   0.3905,  0.9965,  0.9780,   0.5541,   0.2937,  0.2289,  0.9870,   0.0213,  0.0312, 99.9999, 99.9999, 99.9999
Mun1.30Zm1.31T00.1995,                                         2.2387,  6.6003,  5.4659, -0.1264, -0.0593,  0.1612,  0.2205,  5.6665,  4.9941,   2.1028,  1.7932,  0.9956,  0.4206,  0.0630,   0.3619,  1.0488,  1.4879,  4.5507,  5.5149,  4.3768, -0.4834,  0.3476, -0.0282,  1.8283,  0.0326,  0.0479,  0.3724,  1.0186,  0.9782,  0.5577,  0.2852,  0.2263,  0.9808,  0.0214,  0.0296, 99.9999, 99.9999, 99.9999
Mun1.30Zm1.31T00.2239,                                         2.3027,  6.8714,  5.6340,  -0.1308, -0.0630,   0.1585,  0.1300,   5.9405,  5.1912,  2.1757,  1.8582,  1.0459,  0.4617,  0.0588,  0.3776,  1.0901,   1.6029,  4.7187,  5.7442,  4.5235, -0.5429,  0.3325, -0.0337,  1.8399,  0.0356,  0.0487,  0.3376,  1.0526,  0.9906,  0.5609,  0.2804,  0.2303,  1.0013,  0.0216,  0.0286, 99.9999, 99.9999, 99.9999
Mun1.30Zm1.31T00.2512,                                         2.4067,  7.2080,   5.8515, -0.1386, -0.0698,  0.1533,  0.0060,   6.2995,  5.4280,   2.2556,  1.9300,   1.0963,  0.4962, -0.0252,  0.3384,  1.0624,  1.4766,  4.9222,  5.9856,  4.7020,  -0.5538,  0.2966, -0.0318,  1.7255,  0.0342,  0.0459,  0.3135,  1.0077,  0.9521,   0.5309,  0.2645,  0.2155,  0.9646,  0.0199,  0.0247, 99.9999, 99.9999, 99.9999
Mun1.30Zm1.31T00.2818,                                         2.4817,  7.3958,  5.9535, -0.1432, -0.0743,  0.1548, -0.0769,  6.4914,  5.5360,   2.2879,  1.9599,  1.1197,  0.5149, -0.0845,  0.3225,  1.0326,  1.3718,  5.0139,  6.1139,  4.7866, -0.5491,   0.2858, -0.0294,  1.6746,  0.0321,   0.0446,  0.3337,  0.9775,  0.9316,  0.5180,   0.2587,  0.2130,   0.9598,  0.0195,  0.0244, 99.9999, 99.9999, 99.9999
Mun1.30Zm1.31T00.3162,                                         2.7300,   8.1237,  6.4041,  -0.1599, -0.0891,   0.1415, -0.3376,  7.2721,   5.9879,  2.4454,  2.1018,  1.2256,  0.5935, -0.2797,  0.2878,  0.9911,   1.3086,  5.3901,   6.6263,  5.1348, -0.5712,  0.2528, -0.0285,  1.5771,   0.0319,  0.0428,  0.3210,   0.9356,  0.8962,  0.4981,   0.2468,  0.2023,  0.9373,  0.0189,  0.0237, 99.9999, 99.9999, 99.9999
Mun1.30Zm1.31T00.3548,                                         2.7740,   8.4479,  6.5787, -0.1682, -0.0973,  0.1510,  -0.4333,  7.5926,  6.1576,  2.5047,  2.1571,   1.2701,   0.6289, -0.3617,  0.2553,  0.9702,  1.1230,   5.5332,  6.8223,  5.2649, -0.5512,  0.2427, -0.0241,   1.5203,  0.0279,  0.0413,  0.3804,  0.8919,  0.8702,  0.4740,   0.2403,  0.2005,  0.9395,  0.0183,  0.0241,  99.9999, 99.9999, 99.9999
Mun1.30Zm1.31T00.3981,                                          2.8219,  8.4275,  6.5948, -0.1671,  -0.0958,  0.1649, -0.3812,  7.5529,  6.1604,  2.5304,  2.1822,  1.2900,   0.6448, -0.2928,  0.2461,   1.0168,  1.0817,  5.5362,  6.7985,  5.2601,  -0.5425,  0.2511,  -0.0195,  1.5477,  0.0264,  0.0423,  0.4186,  0.8989,  0.8700,   0.4779,  0.2435,  0.2144,  0.9951,   0.0186,  0.0249, 99.9999, 99.9999, 99.9999
Mun1.30Zm1.31T00.4467,                                         2.9165,  8.6002,  6.6924, -0.1712, -0.0998,  0.1702, -0.3704,  7.6776,  6.2359,  2.5676,  2.2163,  1.3176,  0.6677, -0.3250,   0.2324,  1.0454,  1.0695,  5.5920,   6.8968,  5.3134, -0.5580,   0.2532, -0.0175,  1.5824,  0.0263,  0.0431,   0.4425,  0.9155,  0.8863,  0.4879,  0.2570,   0.2166,  1.0136,  0.0182,  0.0246, 99.9999, 99.9999, 99.9999
Mun1.30Zm1.31T00.5012,                                         2.7857,  8.2375,  6.4485, -0.1628, -0.0931,   0.1796, -0.2015,  7.2713,  5.9871,   2.4801,   2.1385,  1.2622,  0.6294, -0.2282,  0.2328,  1.0908,  1.0395,  5.3845,  6.6141,   5.1199, -0.5490,   0.2579, -0.0136,  1.6221,   0.0254,  0.0435,  0.4574,  0.9237,  0.8909,  0.4790,   0.2524,  0.2109,  1.0290,   0.0177,  0.0230,  99.9999, 99.9999, 99.9999
Mun1.30Zm1.31T00.5623,                                         2.8005,  8.0509,  6.2754, -0.1586, -0.0907,  0.1955, -0.0555,  6.9960,   5.7864,  2.4090,   2.0774,  1.2248,  0.6092, -0.1743,  0.2465,  1.1500,   1.0120,   5.2001,   6.4280,   4.9581,  -0.5507,  0.2740,  -0.0113,  1.7113,  0.0244,  0.0449,  0.5035,  0.9595,  0.9316,  0.4938,  0.2642,  0.2107,  1.0377,  0.0173,  0.0232, 99.9999, 99.9999, 99.9999
Mun1.30Zm1.31T00.6310,                                          2.8812,  8.1051,   6.2604, -0.1608, -0.0942,  0.2094,  0.0390,   6.9639,  5.7354,  2.3916,  2.0616,  1.2194,  0.6118, -0.2004,  0.2498,  1.2070,   1.0654,  5.1521,   6.4289,  4.9219, -0.5776,  0.2952, -0.0099,  1.8051,   0.0250,   0.0465,  0.5167,  1.0093,  0.9672,  0.5221,   0.2828,  0.2188,  1.0485,  0.0170,   0.0226, 99.9999, 99.9999, 99.9999
Mun1.30Zm1.31T00.7079,                                         2.8202,  8.0590,   6.1566, -0.1614, -0.0964,  0.2173,  0.1054,  6.8557,  5.6127,  2.3271,   2.0027,  1.1789,  0.5852, -0.2357,  0.2493,  1.1938,  1.1081,   5.0519,  6.3301,   4.8325, -0.5974,  0.2774, -0.0088,  1.7797,  0.0239,  0.0464,  0.5473,  0.9978,  0.9550,   0.5032,  0.2704,  0.2042,  1.0220,   0.0170,   0.0213, 99.9999, 99.9999, 99.9999
Mun1.30Zm1.31T00.7943,                                         2.8759,  8.0979,  6.1333, -0.1630,  -0.0988,  0.2314,  0.1599,  6.8451,   5.5763,  2.3148,  1.9923,  1.1737,  0.5839, -0.2590,   0.2511,   1.2283,  1.0846,  5.0159,  6.3379,  4.8115, -0.6020,   0.2896, -0.0079,  1.8315,  0.0240,   0.0472,  0.5684,  1.0205,  0.9736,  0.5233,  0.2786,  0.2084,  1.0294,  0.0164,  0.0207, 99.9999, 99.9999, 99.9999
Mun1.30Zm1.31T00.8913,                                         2.9991,   8.0360,   6.1236, -0.1622, -0.0986,  0.2425,  0.2804,  6.7242,  5.5237,  2.3129,  1.9908,  1.1738,  0.5854, -0.1967,  0.2482,  1.2727,  1.1410,   4.9780,   6.2964,  4.7773, -0.6141,   0.2916, -0.0070,   1.8520,   0.0240,   0.0476,  0.6070,   1.0486,  0.9934,  0.5268,  0.2875,  0.2087,  1.0280,   0.0164,  0.0211,  99.9999, 99.9999, 99.9999
Mun1.30Zm1.31T01.0000,                                          3.0032,  8.1531,   6.1265, -0.1661,  -0.1030,   0.2544,  0.3056,  6.7621,   5.4886,  2.2878,  1.9689,  1.1600,   0.5773, -0.2358,  0.2551,   1.2582,  1.0866,  4.9163,  6.2557,  4.7297, -0.6169,  0.2752, -0.0068,  1.8578,  0.0223,  0.0472,  0.6534,  1.0428,  0.9952,  0.5174,  0.2860,   0.2014,  1.0287,  0.0159,  0.0202, 99.9999, 99.9999, 99.9999
Mun1.30Zm0.71T00.0631,                                          2.2303,  6.0875,  5.2855, -0.1127, -0.0421,   0.1393, -0.4615,  5.8674,  5.1864,  2.1923,  1.8828,  1.0811,   0.5026,  0.2492,  0.5164,  0.6730,   0.4326,  4.9949,  5.8411,   4.7434, -0.3906,  0.3123, -0.0338,  1.4052,  0.0180,   0.0365,  0.4099,  0.6493,  0.7955,  0.4506,  0.2993,  0.2974,  0.8516,  0.0093,  0.0134, 99.9999, 99.9999, 99.9999
Mun1.30Zm0.71T00.0708,                                         2.2551,   6.2048,  5.3516, -0.1154, -0.0442,  0.1494, -0.4791,   5.9625,  5.2156,  2.1966,  1.8849,  1.0800,   0.4988,  0.1732,  0.4894,  0.6958,  0.3887,  5.0082,  5.8862,  4.7695, -0.3962,  0.2863, -0.0319,  1.3709,  0.0177,  0.0371,   0.4384,  0.6517,  0.7890,   0.4478,  0.2977,  0.2943,  0.8367,  0.0084,  0.0114, 99.9999, 99.9999, 99.9999
Mun1.30Zm0.71T00.0794,                                         2.3087,  6.3749,  5.4432, -0.1198, -0.0484,  0.1433, -0.5116,  6.1237,  5.2838,  2.2090,   1.8951,   1.0852,  0.5003,  0.0810,   0.4486,  0.6786,  0.3376,  5.0644,  5.9839,  4.8300,  -0.3926,  0.2615, -0.0295,  1.3069,  0.0165,  0.0355,  0.4376,  0.6115,  0.7516,  0.4162,  0.2722,  0.2715,  0.8100,   0.0083,  0.0108, 99.9999, 99.9999, 99.9999
Mun1.30Zm0.71T00.0891,                                          2.4528,  6.6013,  5.6226, -0.1253, -0.0530,   0.1474, -0.5303,  6.3322,  5.4592,  2.2761,   1.9503,  1.1145,  0.5110,   0.0924,  0.4196,  0.7110,   0.3393,  5.2451,   6.1868,  4.9886, -0.3961,   0.2579, -0.0233,  1.3284,  0.0163,  0.0365,  0.4553,  0.6291,   0.7667,  0.4297,  0.2763,  0.2837,  0.8183,  0.0083,  0.0103, 99.9999, 99.9999, 99.9999
Mun1.30Zm0.71T00.1000,                                          2.5373,  6.7543,  5.7080,  -0.1294, -0.0576,  0.1505, -0.5115,  6.4517,  5.5128,  2.2927,  1.9637,  1.1233,  0.5171,   0.0274,  0.3920,   0.7541,   0.3588,  5.2979,  6.2921,   5.0477, -0.4126,  0.2519, -0.0190,   1.3512,  0.0152,  0.0370,   0.4829,  0.6456,  0.7686,  0.4316,  0.2796,  0.2918,  0.7941,   0.0084,  0.0087, 99.9999, 99.9999, 99.9999
Mun1.30Zm0.71T00.1122,                                         2.5019,  6.7976,  5.7328, -0.1308, -0.0594,  0.1530,  -0.4321,   6.4198,  5.5324,  2.3058,  1.9717,  1.1214,  0.5086,  0.0662,  0.3945,  0.8307,  0.4763,  5.3286,  6.3357,  5.0732, -0.3629,  0.3257, -0.0180,   1.5531,   0.0150,   0.0420,   0.5543,  0.7256,  0.8620,   0.5084,  0.2942,  0.3252,  0.8763,  0.0158,  0.0237, 99.9999, 99.9999, 99.9999
Mun1.30Zm0.71T00.1259,                                         2.6585,  6.8425,  5.7755, -0.1306, -0.0584,  0.2173, -0.2691,   6.2156,  5.4927,  2.3353,  1.9899,  1.1296,  0.5096,  0.3114,  0.4970,   1.0770,   1.0643,  5.2358,  6.3106,  5.0007, -0.1082,  0.6621,  -0.0259,  2.3981,   0.0202,  0.0695,  0.9579,  1.1179,  1.3155,  0.9036,  0.4149,  0.5057,  1.4824,  0.0438,  0.0888, 99.9999, 99.9999, 99.9999
Mun1.30Zm0.71T00.1413,                                         2.5739,  6.9473,  5.7899, -0.1342, -0.0624,  0.2119, -0.2848,  6.3119,  5.4733,  2.3153,  1.9736,  1.1208,  0.5065,  0.1566,  0.4556,  1.0572,  0.9655,  5.2201,   6.3468,  5.0089, -0.1349,  0.6196, -0.0253,  2.3026,  0.0183,  0.0663,  0.9404,  1.0576,  1.2448,  0.8463,  0.3794,  0.4770,   1.4051,   0.0434,  0.0859, 99.9999, 99.9999, 99.9999
Mun1.30Zm0.71T00.1585,                                         2.5993,  7.0862,  5.8643, -0.1375, -0.0657,  0.2135, -0.2927,  6.4388,  5.5616,  2.3491,   2.0055,  1.1444,  0.5238,  0.1317,  0.4388,  1.0577,  0.8989,  5.3010,   6.4445,  5.0792, -0.1644,  0.5719, -0.0247,  2.2096,  0.0175,  0.0624,  0.9017,  1.0213,  1.2012,  0.7920,   0.3587,  0.4393,  1.3594,  0.0401,   0.0792, 99.9999, 99.9999, 99.9999
Mun1.30Zm0.71T00.1778,                                         2.5878,  7.2715,  5.9830,  -0.1426, -0.0703,  0.2074, -0.3130,   6.6348,  5.7068,  2.4005,  2.0501,   1.1691,   0.5336,  0.0809,  0.3902,  1.0351,   0.7514,  5.4505,  6.5879,  5.2024, -0.1846,  0.5152, -0.0238,  2.0631,   0.0163,  0.0582,  0.8641,   0.9523,  1.1384,  0.7247,  0.3238,  0.4004,  1.2865,  0.0377,  0.0731,  99.9999, 99.9999, 99.9999
Mun1.30Zm0.71T00.1995,                                         2.6333,  7.2020,   5.9506, -0.1418, -0.0696,  0.2017, -0.1750,   6.5056,  5.6789,  2.4110,   2.0608,  1.1744,  0.5349,  0.1432,  0.3660,   1.0632,  0.6870,   5.4580,   6.5390,   5.1959, -0.2196,  0.4745, -0.0235,  1.9967,  0.0154,  0.0534,  0.8144,  0.9145,  1.0970,   0.6594,  0.3068,  0.3651,   1.2399,  0.0334,  0.0640,  99.9999, 99.9999, 99.9999
Mun1.30Zm0.71T00.2239,                                         2.6575,  7.4561,   6.0949, -0.1475, -0.0755,  0.1924, -0.1805,  6.7366,  5.8070,   2.4528,  2.0972,  1.2000,   0.5527,  0.0895,  0.3519,  1.0912,  0.6988,  5.5860,   6.7127,  5.3081,  -0.2800,   0.4427, -0.0212,  1.9804,  0.0152,  0.0516,  0.7878,  0.8984,  1.0677,  0.6188,  0.2978,  0.3418,  1.1900,   0.0310,   0.0573, 99.9999, 99.9999, 99.9999
Mun1.30Zm0.71T00.2512,                                         2.9261,   7.8882,  6.3312, -0.1578, -0.0859,  0.2078, -0.2897,  7.1548,  6.0447,  2.5223,  2.1624,  1.2541,   0.5988, -0.0531,   0.3218,  1.0965,  0.5524,  5.7694,  7.0046,  5.4753, -0.3316,  0.3913, -0.0154,  1.8876,  0.0128,  0.0475,  0.7657,  0.8663,  1.0246,  0.5644,  0.2861,   0.3092,  1.1251,   0.0264,  0.0477, 99.9999, 99.9999, 99.9999
Mun1.30Zm0.71T00.2818,                                         3.0132,  8.0010,   6.3999, -0.1608, -0.0889,  0.2182, -0.2408,  7.2297,  6.0805,  2.5348,  2.1723,  1.2587,  0.5998, -0.0710,   0.2937,  1.1310,   0.5329,  5.7822,  7.0417,  5.4872, -0.3261,   0.3939, -0.0123,  1.9087,  0.0125,  0.0488,  0.8034,  0.8690,   1.0207,  0.5641,   0.2853,  0.2877,  1.1198,  0.0265,  0.0474, 99.9999, 99.9999, 99.9999
Mun1.30Zm0.71T00.3162,                                         3.1217,  8.0680,   6.4340,  -0.1620,  -0.0903,  0.2310,  -0.1570,   7.2189,  6.0842,  2.5526,  2.1865,  1.2695,  0.6082, -0.0469,  0.3026,  1.2159,  0.6009,  5.8045,  7.0953,  5.5122, -0.3573,  0.4320,  -0.0135,  2.0803,  0.0129,  0.0509,  0.8156,  0.9348,  1.0631,   0.6013,  0.3052,  0.3012,  1.1692,  0.0267,  0.0479, 99.9999, 99.9999, 99.9999
Mun1.30Zm0.71T00.3548,                                         3.3027,  8.3770,   6.6022, -0.1692, -0.0972,  0.2398, -0.2436,  7.5521,   6.2423,  2.6140,   2.2395,  1.3124,  0.6431,  -0.1743,  0.2991,   1.2552,  0.7022,  5.9564,  7.3621,   5.6627, -0.3656,  0.4568, -0.0129,  2.1774,  0.0141,   0.0534,  0.8282,  0.9830,   1.1104,  0.6364,  0.3165,  0.3181,   1.1986,  0.0274,  0.0495, 99.9999, 99.9999, 99.9999
Mun1.30Zm0.71T00.3981,                                          3.2814,  8.4624,  6.6216, -0.1706, -0.0990,   0.2309, -0.2009,  7.6044,  6.2261,   2.6119,  2.2403,  1.3204,  0.6560,  -0.1882,  0.2923,  1.2808,  0.7663,  5.9435,  7.3984,  5.6534, -0.3973,  0.4455, -0.0105,  2.1671,   0.0154,  0.0555,  0.8640,   0.9977,  1.1239,  0.6475,  0.3277,  0.3248,  1.1973,  0.0263,  0.0469, 99.9999, 99.9999, 99.9999
Mun1.30Zm0.71T00.4467,                                         3.4694,  8.9046,  6.8616, -0.1803, -0.1087,  0.2263, -0.2794,  7.9787,  6.4008,  2.6713,  2.3001,   1.3758,  0.7068, -0.2849,  0.2859,  1.2752,  0.8467,  6.0520,   7.6083,  5.7540,  -0.4124,  0.4286, -0.0076,  2.1222,  0.0150,   0.0569,  0.9520,   1.0042,  1.1279,  0.6563,  0.3247,  0.3231,   1.2064,  0.0270,   0.0480,  99.9999, 99.9999, 99.9999
Mun1.30Zm0.71T00.5012,                                         3.3934,  9.0172,  6.9090,  -0.1832, -0.1117,  0.2471,  -0.2152,  8.0444,  6.4076,  2.7035,  2.3311,   1.4085,  0.7406, -0.2829,  0.2966,  1.3460,   0.9358,  6.0274,  7.6233,  5.7417, -0.4216,  0.4347, -0.0053,  2.1929,  0.0139,  0.0576,  0.9979,  1.0590,   1.1622,  0.6651,   0.3291,   0.3206,  1.2220,   0.0273,  0.0490,  99.9999, 99.9999, 99.9999
Mun1.30Zm0.71T00.5623,                                         3.3148,  8.9010,   6.7991,  -0.1810,  -0.1105,  0.2582, -0.1021,   7.8673,  6.2852,  2.6797,  2.3126,  1.4065,  0.7509, -0.1975,  0.3233,  1.4080,   1.0271,   5.9388,  7.5311,   5.6582, -0.4129,  0.4699, -0.0027,  2.3264,  0.0138,  0.0598,  1.0669,  1.0827,  1.1802,  0.6757,  0.3202,  0.3230,   1.2305,  0.0285,  0.0510,  99.9999, 99.9999, 99.9999
Mun1.30Zm0.71T00.6310,                                          3.3327,  9.0340,   6.8088, -0.1850,  -0.1156,  0.2806, -0.0721,   7.9309,  6.2625,  2.6736,  2.3085,  1.4113,  0.7623, -0.2283,  0.3442,  1.4293,  1.0724,  5.8717,  7.5117,  5.6128, -0.4265,  0.4731,  -0.0019,  2.3950,   0.0131,   0.0611,   1.1389,  1.1270,   1.2172,  0.6940,   0.3320,   0.3315,  1.2535,  0.0285,  0.0519, 99.9999, 99.9999, 99.9999
Mun1.30Zm0.71T00.7079,                                         3.3013,  9.1940,   6.8184, -0.1910,  -0.1226,  0.2964, -0.0823,  8.0461,   6.2449,  2.6645,  2.3049,  1.4208,  0.7817, -0.3242,  0.3497,  1.4349,  1.1640,   5.7998,  7.4894,  5.5617, -0.4337,  0.4603, -0.0008,  2.4140,   0.0135,  0.0624,  1.1905,  1.1435,  1.2312,  0.6932,  0.3325,  0.3251,   1.2647,  0.0288,  0.0525, 99.9999, 99.9999, 99.9999
Mun1.30Zm0.71T00.7943,                                         2.9868,  8.8248,  6.4482, -0.1824, -0.1164,  0.2904,  0.2346,  7.5702,  5.8715,  2.5339,  2.1864,  1.3331,   0.7173, -0.2728,  0.4214,  1.5034,  1.2844,  5.5161,   7.1869,  5.3305, -0.4517,  0.4859,  0.0012,  2.5711,   0.0133,  0.0642,  1.2120,   1.2001,   1.2737,  0.7233,  0.3365,  0.3499,  1.2929,  0.0296,  0.0528, 99.9999, 99.9999, 99.9999
Mun1.30Zm0.71T00.8913,                                         2.8387,  8.4240,   6.1434, -0.1742, -0.1106,  0.3231,   0.4674,  7.0686,  5.5282,  2.4265,  2.0943,  1.2724,  0.6806, -0.1683,  0.4535,  1.5584,  1.4494,  5.2413,  6.8628,  5.0928, -0.4400,   0.5059, -0.0024,  2.6707,  0.0134,  0.0671,   1.3107,  1.2460,   1.3343,  0.7313,  0.3459,  0.3549,  1.3141,   0.0299,  0.0542, 99.9999, 99.9999, 99.9999
Mun1.30Zm0.71T01.0000,                                          2.9210,   7.8386,  5.8152, -0.1612, -0.0989,  0.3513,  0.6970,   6.4535,  5.1828,  2.3153,  1.9955,  1.1913,  0.6118,  0.0224,  0.4707,  1.6002,  1.5610,   4.9771,   6.5076,  4.8572, -0.4228,  0.5202, -0.0016,  2.7164,  0.0151,   0.0704,  1.3632,  1.2829,  1.3766,  0.7491,   0.3552,  0.3533,  1.3196,  0.0301,   0.0541,  99.9999, 99.9999, 99.9999
Mun1.30Zm0.40T00.0631,                                          2.0448,  6.0557,  5.2679, -0.1116, -0.0401,   0.1798, -0.4490,   5.7942,  5.1979,  2.2082,  1.8883,  1.0718,  0.4829,  0.3117,  0.5406,  0.7827,  0.5007,  5.0558,  5.8926,  4.7974, -0.4179,  0.3548, -0.0325,  1.6240,   0.0206,  0.0434,  0.4438,  0.7574,  0.9598,  0.5536,  0.3450,   0.3646,  1.0439,  0.0157,  0.0278, 99.9999, 99.9999, 99.9999
Mun1.30Zm0.40T00.0708,                                         2.2784,  6.2155,  5.3611,  -0.1157, -0.0444,  0.1863, -0.4709,  5.9280,   5.2593,  2.2172,  1.8936,  1.0738,  0.4833,  0.2706,  0.5401,   0.8187,  0.5600,   5.1101,   5.9942,  4.8577, -0.4262,  0.3524, -0.0307,  1.6582,  0.0209,  0.0450,   0.4735,  0.7655,  0.9759,  0.5545,  0.3417,  0.3652,  1.0384,  0.0167,  0.0289, 99.9999, 99.9999, 99.9999
Mun1.30Zm0.40T00.0794,                                         2.3016,  6.5512,  5.5482, -0.1237, -0.0517,  0.1890,  -0.5127,  6.2439,  5.4124,  2.2715,  1.9414,  1.1071,   0.5052,  0.1197,  0.4876,  0.8469,  0.5252,  5.2424,  6.2306,  4.9984, -0.4402,  0.3297, -0.0271,   1.6450,   0.0194,  0.0434,  0.4797,  0.7634,  0.9670,   0.5412,  0.3383,  0.3501,   1.0079,  0.0160,   0.0272, 99.9999, 99.9999, 99.9999
Mun1.30Zm0.40T00.0891,                                          2.2666,  6.5286,  5.5595, -0.1247, -0.0532,  0.1915, -0.4315,  6.2005,  5.4369,  2.2764,  1.9402,  1.0905,  0.4778,  0.1326,  0.4193,  0.8640,   0.5047,  5.2921,   6.2250,   5.0296, -0.4229,  0.3058, -0.0217,  1.5936,  0.0183,  0.0420,   0.4676,  0.7514,  0.9485,  0.5165,  0.3265,  0.3328,  0.9652,  0.0148,  0.0236, 99.9999, 99.9999, 99.9999
Mun1.30Zm0.40T00.1000,                                          2.5637,  6.7249,  5.7162, -0.1286, -0.0566,  0.1997, -0.4598,  6.3630,   5.5898,  2.3336,  1.9885,  1.1190,   0.4923,  0.2186,  0.4515,  0.9025,  0.5746,  5.4453,  6.4016,  5.1549, -0.4735,  0.3200,  -0.0225,  1.6804,  0.0178,  0.0425,  0.4844,  0.7858,  0.9723,  0.5218,  0.3427,  0.3378,  0.9687,  0.0152,  0.0237, 99.9999, 99.9999, 99.9999
Mun1.30Zm0.40T00.1122,                                         2.6291,   7.0926,  5.9223, -0.1376, -0.0645,  0.1926, -0.5469,  6.7073,  5.7360,   2.3800,   2.0308,  1.1509,  0.5159,  0.0291,   0.3808,  0.8894,  0.4548,  5.5614,  6.6238,  5.2865, -0.4814,  0.2790,  -0.0182,  1.5914,  0.0168,  0.0418,  0.5064,  0.7489,  0.9326,  0.5093,  0.3241,   0.3305,  0.9547,  0.0148,  0.0217, 99.9999, 99.9999, 99.9999
Mun1.30Zm0.40T00.1259,                                         2.9212,  7.2977,  6.0384, -0.1428, -0.0696,  0.2521,  -0.5268,  6.8158,  5.8130,   2.4139,  2.0592,  1.1764,  0.5402,  0.0381,   0.4318,  1.0094,  0.7902,  5.6262,  6.7822,  5.3546, -0.3124,  0.4730,  -0.0246,  2.0766,  0.0171,   0.0536,  0.8292,  0.9058,  1.0891,   0.6114,  0.3304,  0.3700,   1.3272,  0.0362,  0.0712, 99.9999, 99.9999, 99.9999
Mun1.30Zm0.40T00.1413,                                         2.8495,  7.2329,  6.0337, -0.1417, -0.0689,  0.2350,  -0.4006,  6.7079,  5.8125,  2.4197,  2.0618,  1.1661,   0.5209,  0.0946,  0.3972,  1.0263,  0.6773,  5.6607,  6.7519,  5.3644, -0.3323,  0.4396, -0.0197,  1.9872,  0.0173,  0.0526,  0.8047,  0.8769,  1.0494,  0.5876,  0.3122,  0.3488,  1.2281,   0.0334,  0.0635, 99.9999, 99.9999, 99.9999
Mun1.30Zm0.40T00.1585,                                         2.8018,  7.4406,  6.1588, -0.1460,  -0.0730,   0.2087, -0.3066,  6.8577,  5.9163,  2.4820,   2.1207,  1.2131,   0.5591,   0.1065,  0.3863,  1.0794,  0.6704,  5.7468,  6.8727,  5.4335, -0.3310,   0.4279, -0.0181,   1.9964,  0.0172,  0.0506,  0.7793,  0.8815,  1.0768,  0.5842,  0.3201,   0.3516,  1.2094,  0.0296,  0.0552, 99.9999, 99.9999, 99.9999
Mun1.30Zm0.40T00.1778,                                         3.0869,  7.8877,  6.4417, -0.1572, -0.0832,  0.2242, -0.3690,   7.2731,   6.2008,  2.5983,  2.2274,  1.2924,  0.6180,   0.0637,  0.3654,  1.1439,  0.5216,  5.9910,   7.1906,  5.6554, -0.4008,  0.3952, -0.0139,  2.0144,  0.0150,   0.0483,  0.7728,  0.8674,  1.0535,  0.5425,  0.3238,  0.3235,  1.1712,  0.0261,   0.0481,  99.9999, 99.9999, 99.9999
Mun1.30Zm0.40T00.1995,                                         3.1162,  8.1063,  6.5889, -0.1615, -0.0870,   0.2164, -0.2636,  7.3948,  6.2950,   2.6588,  2.2795,  1.3314,  0.6479,  0.0994,  0.3619,  1.2129,  0.5925,  6.0923,  7.3419,  5.7432, -0.4721,   0.3988, -0.0141,   2.1316,  0.0162,  0.0489,  0.7556,  0.9138,  1.0860,   0.5545,  0.3526,  0.3344,  1.1550,   0.0230,   0.0416, 99.9999, 99.9999, 99.9999
Mun1.30Zm0.40T00.2239,                                         3.2470,   8.3318,  6.7333, -0.1665, -0.0917,  0.2132, -0.2532,  7.5764,  6.3944,  2.6995,  2.3148,  1.3558,  0.6643,  0.0478,  0.3272,  1.2266,  0.6383,  6.1878,  7.4940,   5.8327, -0.4884,  0.3827, -0.0118,  2.1247,  0.0162,  0.0489,  0.7791,   0.9346,  1.0908,  0.5595,  0.3638,  0.3326,  1.1338,  0.0216,  0.0385, 99.9999, 99.9999, 99.9999
Mun1.30Zm0.40T00.2512,                                         3.3238,  8.6843,  6.9522, -0.1743, -0.0988,  0.2194, -0.3471,   7.9242,  6.5646,  2.7666,  2.3758,  1.4071,   0.7079, -0.0400,   0.3029,  1.2125,  0.6408,  6.3209,  7.7148,  5.9571,  -0.5148,  0.3677, -0.0101,   2.0872,  0.0163,  0.0508,  0.8316,  0.9530,   1.0868,  0.5707,  0.3754,  0.3310,   1.1098,  0.0204,  0.0360,  99.9999, 99.9999, 99.9999
Mun1.30Zm0.40T00.2818,                                         3.4912,  8.9590,   7.0986, -0.1805, -0.1040,   0.2142, -0.4695,  8.2529,  6.7075,  2.8324,  2.4372,  1.4608,  0.7547, -0.1777,  0.2951,   1.1950,   0.6331,   6.4422,  7.9219,  6.0732, -0.5114,  0.3526, -0.0070,   2.0158,  0.0172,  0.0519,  0.8319,  0.9450,   1.0756,  0.5914,  0.3650,   0.3331,   1.0835,  0.0189,  0.0328, 99.9999, 99.9999, 99.9999
Mun1.30Zm0.40T00.3162,                                         3.5004,  9.0375,  7.0907, -0.1828, -0.1071,   0.2235, -0.4641,   8.3300,   6.7080,   2.8307,  2.4332,  1.4600,   0.7561,  -0.2058,  0.3008,  1.2515,  0.7371,   6.4493,  7.9986,  6.0912, -0.5326,  0.3713, -0.0040,   2.1106,  0.0185,  0.0550,   0.8548,  0.9958,  1.1203,  0.6235,  0.3692,  0.3417,  1.1096,  0.0193,  0.0335, 99.9999, 99.9999, 99.9999
Mun1.30Zm0.40T00.3548,                                         3.6224,  9.3577,  7.2540,  -0.1907, -0.1153,  0.2334, -0.4828,  8.5580,   6.8058,  2.8747,  2.4787,  1.5073,  0.8046, -0.2715,  0.2823,  1.2656,  0.7718,  6.5064,  8.1306,  6.1411,  -0.5432,  0.3616, -0.0015,  2.1008,  0.0173,  0.0554,  0.9443,  1.0132,  1.1347,  0.6242,  0.3737,  0.3391,   1.1173,  0.0195,  0.0344, 99.9999, 99.9999, 99.9999
Mun1.30Zm0.40T00.3981,                                          3.7580,   9.6558,  7.4164, -0.1971,  -0.1215,  0.2430,  -0.5180,   8.8357,  6.9589,  2.9493,  2.5474,  1.5641,   0.8509, -0.3281,   0.2597,  1.3218,  0.8941,   6.6432,  8.3458,  6.2656, -0.5831,   0.3523, -0.0006,  2.0996,  0.0175,  0.0566,  0.9551,   1.0355,  1.1589,  0.6106,  0.3580,   0.3279,  1.1349,  0.0211,   0.0359, 99.9999, 99.9999, 99.9999
Mun1.30Zm0.40T00.4467,                                         3.6277,  9.7544,  7.4274, -0.1989, -0.1242,  0.2432, -0.4852,  8.8865,  6.9422,  2.9618,  2.5627,  1.5877,  0.8805, -0.3027,  0.2772,  1.3817,  0.9505,  6.5986,  8.3394,  6.2277, -0.5784,  0.3635,  0.0040,   2.1914,  0.0169,  0.0570,   0.9914,  1.0663,  1.1689,  0.6430,   0.3599,  0.3427,  1.1601,   0.0204,  0.0353, 99.9999, 99.9999, 99.9999
Mun1.30Zm0.40T00.5012,                                         3.7175,  9.7019,  7.2844, -0.2000,  -0.1273,  0.2566, -0.3583,  8.7594,  6.7829,  2.8967,  2.5034,  1.5508,  0.8613, -0.3454,  0.2973,  1.4277,  1.0812,  6.4347,  8.2212,  6.1057, -0.6154,  0.3733,  0.0034,  2.3112,  0.0167,  0.0580,   1.0262,  1.1050,   1.2135,  0.6331,   0.3681,   0.3406,  1.1773,  0.0215,  0.0366, 99.9999, 99.9999, 99.9999
Mun1.30Zm0.40T00.5623,                                         3.5116,  9.7344,  7.1926, -0.2012, -0.1298,  0.2705, -0.2115,  8.7238,  6.7037,  2.8916,  2.5000,   1.5573,  0.8759, -0.3114,  0.3799,  1.5487,  1.2066,  6.3216,  8.1488,  6.0215, -0.6520,   0.3918,  0.0090,   2.4988,  0.0146,  0.0575,  1.0542,  1.1825,  1.2754,  0.6669,  0.3752,  0.3641,   1.2129,  0.0216,  0.0372, 99.9999, 99.9999, 99.9999
Mun1.30Zm0.40T00.6310,                                          3.3598,  9.2910,   6.8088, -0.1913, -0.1224,  0.2981,   0.0405,  8.1842,  6.3151,   2.7511,   2.3753,  1.4663,  0.8103, -0.2495,  0.4311,   1.6398,  1.2380,   6.0182,  7.8340,   5.7760,  -0.6435,  0.4302,  0.0097,  2.6599,  0.0140,   0.0607,  1.1418,  1.2469,  1.3304,  0.6983,  0.3862,  0.3788,  1.2467,  0.0218,  0.0391,  99.9999, 99.9999, 99.9999
Mun1.30Zm0.40T00.7079,                                         3.2988,  8.7835,  6.5062, -0.1786, -0.1114,  0.3323,  0.3520,   7.5707,  5.9572,  2.6362,  2.2768,  1.3938,  0.7577, -0.0320,   0.4499,  1.7240,   1.4278,  5.7232,  7.4564,  5.5139, -0.6379,  0.4567,  0.0052,  2.7989,  0.0146,  0.0639,  1.2496,  1.3050,   1.4144,  0.7000,   0.4051,   0.3702,  1.2806,  0.0225,  0.0411,  99.9999, 99.9999, 99.9999
Mun1.30Zm0.40T00.7943,                                         3.2293,  8.1465,  6.0931,  -0.1649, -0.0998,  0.3693,  0.6963,  6.8457,  5.5272,  2.5144,  2.1680,   1.3135,  0.6982,  0.1559,  0.5021,   1.8424,  1.4905,  5.4053,  7.0605,  5.2384, -0.6214,  0.4988,  0.0063,  2.9422,  0.0155,  0.0672,  1.3034,  1.3683,  1.4708,  0.7397,  0.4206,  0.3787,  1.3038,  0.0229,  0.0415, 99.9999, 99.9999, 99.9999
Mun1.30Zm0.40T00.8913,                                         3.1554,  7.4647,  5.6442, -0.1489, -0.0861,   0.4147,  1.1015,  6.0425,  5.0710,   2.3958,  2.0595,  1.2361,   0.6447,  0.4303,  0.5852,  2.0152,  1.6672,  5.0956,  6.6854,  4.9664, -0.6389,  0.5612,  0.0071,   3.2163,  0.0159,  0.0710,   1.3763,  1.4966,  1.5792,  0.7970,   0.4604,  0.4041,   1.3767,  0.0229,  0.0417, 99.9999, 99.9999, 99.9999
Mun1.30Zm0.40T01.0000,                                          3.0043,  6.6887,  5.1497, -0.1317, -0.0712,  0.4531,   1.4868,  5.2199,  4.5890,   2.2686,  1.9455,  1.1525,  0.5833,  0.6756,  0.6556,  2.1492,  1.8127,  4.7632,  6.2720,   4.6707, -0.6352,  0.6094,  0.0073,  3.4232,  0.0172,  0.0746,  1.4402,  1.5807,  1.6466,  0.8411,   0.4857,  0.4114,  1.4030,   0.0224,  0.0408, 99.9999, 99.9999, 99.9999
Mun1.30Zp0.00T00.0631,                                          2.5517,  6.3189,  5.3562, -0.1165, -0.0464,  0.2231,  -0.2529,  5.8550,   5.2836,  2.2660,   1.9273,  1.1008,  0.5091,   0.4024,  0.6248,  1.1135,  0.8922,  5.2277,  6.2236,  4.9715, -0.5077,  0.5119, -0.0393,  2.4335,  0.0190,   0.0466,  0.4499,  1.0297,  1.2251,   0.6648,  0.4395,  0.4350,   1.2463,  0.0177,  0.0324, 99.9999, 99.9999, 99.9999
Mun1.30Zp0.00T00.0708,                                         2.7889,  6.4824,  5.5208, -0.1196, -0.0487,  0.2327, -0.2659,  5.9762,  5.4212,  2.3148,  1.9644,  1.1142,  0.5056,  0.4486,  0.6047,  1.1412,  0.9630,   5.3606,  6.3424,  5.0793, -0.5092,  0.5141,  -0.0340,   2.4560,   0.0209,  0.0490,   0.4553,  1.0583,  1.2648,  0.6947,  0.4544,  0.4351,   1.2562,  0.0170,   0.0319, 99.9999, 99.9999, 99.9999
Mun1.30Zp0.00T00.0794,                                         2.8827,  6.7731,   5.7071,  -0.1265, -0.0544,  0.2250,  -0.3420,   6.2383,  5.5374,  2.3474,  1.9926,  1.1340,   0.5194,  0.3295,  0.5608,  1.1108,  0.9040,   5.4443,  6.4936,  5.1702, -0.5254,  0.4760,  -0.0326,  2.3560,   0.0208,  0.0491,   0.4737,  1.0370,   1.2378,  0.6899,  0.4614,  0.4407,  1.2399,  0.0166,  0.0289, 99.9999, 99.9999, 99.9999
Mun1.30Zp0.00T00.0891,                                          3.0130,   7.0189,  5.8750,  -0.1317, -0.0589,  0.2167, -0.4080,   6.4456,  5.6376,  2.3756,  2.0177,  1.1524,  0.5337,  0.2851,   0.5431,   1.0706,  0.9495,  5.5269,  6.6454,  5.2512, -0.5704,  0.4278, -0.0331,   2.2486,  0.0205,  0.0492,  0.5292,  1.0416,  1.2286,  0.6730,   0.4618,  0.4382,  1.2044,  0.0161,   0.0259, 99.9999, 99.9999, 99.9999
Mun1.30Zp0.00T00.1000,                                          3.1223,  7.3280,   6.1193, -0.1386, -0.0645,  0.2129, -0.4818,  6.7533,  5.8512,  2.4511,   2.0837,  1.1905,  0.5508,  0.2426,  0.4844,  1.0425,  0.9098,  5.7166,  6.8647,  5.4183, -0.5434,  0.4012, -0.0249,  2.1284,  0.0210,   0.0498,  0.5705,  1.0232,  1.2140,   0.6788,  0.4627,  0.4374,  1.2056,  0.0153,  0.0250,  99.9999, 99.9999, 99.9999
Mun1.30Zp0.00T00.1122,                                         3.2382,  7.6178,  6.3298, -0.1446, -0.0693,  0.2023, -0.5712,  7.0453,  6.0424,  2.5193,  2.1432,  1.2292,  0.5738,  0.2221,   0.4786,  1.0144,  0.8970,   5.8863,  7.0661,   5.5631,  -0.5527,  0.3830,  -0.0215,  2.0603,  0.0212,  0.0503,  0.6016,  1.0122,  1.1981,   0.6757,  0.4543,  0.4416,  1.1991,   0.0146,  0.0234, 99.9999, 99.9999, 99.9999
Mun1.30Zp0.00T00.1259,                                         3.4435,  7.8702,  6.5059, -0.1533, -0.0772,  0.1944, -0.6078,  7.3041,   6.1910,   2.5946,  2.2156,  1.2852,  0.6162,  0.1244,  0.3986,  0.9895,  0.7549,  6.0115,  7.2133,  5.6767, -0.4834,  0.3726, -0.0112,  1.9525,  0.0212,  0.0514,  0.7029,  0.9444,  1.1500,   0.6614,  0.4200,   0.4338,  1.2621,   0.0179,  0.0313, 99.9999, 99.9999, 99.9999
Mun1.30Zp0.00T00.1413,                                         3.4582,  8.2569,  6.7696, -0.1625, -0.0850,   0.1801,  -0.6579,  7.6773,  6.4224,  2.6875,  2.3002,  1.3450,   0.6570,   0.0130,   0.3455,  0.9926,  0.6744,  6.2186,  7.4859,  5.8632, -0.4874,  0.3401,  -0.0082,  1.8733,  0.0203,  0.0503,  0.7185,  0.9284,  1.1381,   0.6459,  0.4262,  0.4179,  1.2348,  0.0170,   0.0287, 99.9999, 99.9999, 99.9999
Mun1.30Zp0.00T00.1585,                                         3.5565,  8.6695,  7.0450,  -0.1716, -0.0925,  0.1871,  -0.8128,  8.1275,  6.6898,  2.7805,  2.3810,   1.4005,  0.6929, -0.1112,  0.3008,  0.9493,  0.6997,  6.4763,  7.8089,  6.0908, -0.5144,  0.3020,  -0.0039,  1.7726,  0.0198,  0.0502,  0.7307,  0.9147,  1.1100,   0.6253,  0.4194,  0.3976,  1.2013,  0.0162,  0.0248, 99.9999, 99.9999, 99.9999
Mun1.30Zp0.00T00.1778,                                         3.7373,  8.9724,  7.2421,  -0.1781,  -0.0976,  0.1917, -0.8593,  8.4226,  6.8669,  2.8773,  2.4694,  1.4707,  0.7484, -0.1802,  0.2737,  0.9778,  0.7339,  6.6668,  8.0710,   6.2624, -0.5466,  0.2806, -0.0004,  1.7223,  0.0189,  0.0502,  0.7574,  0.9315,  1.1008,  0.6257,  0.4090,   0.3934,  1.1691,   0.0147,  0.0223, 99.9999, 99.9999, 99.9999
Mun1.30Zp0.00T00.1995,                                         3.8180,   9.2941,   7.4779, -0.1845, -0.1029,  0.1949, -0.9158,  8.7476,  7.0719,  2.9651,   2.5467,  1.5234,  0.7821,  -0.2299,  0.2465,  1.0073,  0.7088,  6.8560,   8.3282,  6.4339, -0.5572,  0.2790,   0.0047,  1.7353,  0.0185,  0.0507,  0.7994,  0.9381,   1.1008,  0.6272,  0.4232,  0.3860,   1.1714,  0.0134,  0.0204, 99.9999, 99.9999, 99.9999
Mun1.30Zp0.00T00.2239,                                         3.9747,  9.6480,   7.6789, -0.1930,  -0.1110,   0.2118, -1.0369,  9.1000,   7.2760,   3.0544,  2.6268,  1.5872,  0.8331,  -0.2891,   0.2381,   1.0406,  0.7277,  7.0543,  8.6133,  6.6052, -0.5973,  0.2838,  0.0086,  1.8038,  0.0187,  0.0524,  0.8138,  0.9691,   1.1320,   0.6527,  0.4129,  0.3931,   1.1911,   0.0126,  0.0183, 99.9999, 99.9999, 99.9999
Mun1.30Zp0.00T00.2512,                                         4.1115,  9.7677,  7.7074, -0.1945, -0.1130,   0.2197, -1.0456,  9.2101,   7.2996,  3.0803,  2.6526,  1.6196,  0.8694, -0.3263,  0.2312,  1.1148,  0.7921,   7.1214,  8.7795,  6.6721,  -0.6216,  0.3150,   0.0134,  1.8633,  0.0189,  0.0559,  0.8557,  1.0204,  1.1673,  0.6822,  0.4150,   0.3892,  1.1590,   0.0134,  0.0180,  99.9999, 99.9999, 99.9999
Mun1.30Zp0.00T00.2818,                                         4.0497, 10.3656,  8.0065, -0.2096, -0.1279,  0.2422, -1.2463,  9.8239,  7.6192,  3.2202,  2.7817,  1.7276,  0.9599, -0.5107,  0.2321,   1.1752,  0.6496,  7.3658,  9.1863,  6.8968, -0.6131,   0.3498,  0.0181,   1.9912,  0.0173,  0.0559,  0.8514,  1.0325,  1.1777,  0.7124,  0.4060,   0.4138,  1.2314,  0.0125,  0.0196, 99.9999, 99.9999, 99.9999
Mun1.30Zp0.00T00.3162,                                         4.0895, 10.4119,  7.9931,  -0.2096, -0.1276,  0.2425, -1.1549,  9.8000,   7.5796,  3.2296,  2.7950,   1.7476,  0.9850,  -0.4916,  0.2297,  1.2294,  0.7934,  7.3381,   9.1895,  6.8797, -0.6492,  0.3320,   0.0213,  1.9816,  0.0171,   0.0567,  0.8963,  1.0328,  1.1638,  0.6726,  0.3957,  0.3913,  1.2361,   0.0131,   0.0183, 99.9999, 99.9999, 99.9999
Mun1.30Zp0.00T00.3548,                                         4.1515, 10.5796,  8.0452, -0.2147, -0.1341,   0.2761,  -1.0840,   9.8602,  7.6040,   3.2727,  2.8373,  1.7970,   1.0401,  -0.4100,   0.2637,  1.3505,  0.8885,  7.3187,  9.2232,  6.8661,  -0.7092,  0.3383,  0.0228,  2.1455,  0.0140,   0.0559,  0.9918,  1.1381,   1.2431,   0.6922,  0.4040,   0.4019,  1.2632,  0.0129,  0.0178, 99.9999, 99.9999, 99.9999
Mun1.30Zp0.00T00.3981,                                          3.9044, 10.4650,   7.8392, -0.2113, -0.1318,  0.2880,  -0.8563,  9.6735,  7.4270,   3.2370,   2.8055,  1.7812,  1.0372, -0.3851,   0.3563,  1.4937,  1.0341,   7.1354,  9.0874,  6.7312, -0.7583,  0.3689,  0.0280,   2.3844,  0.0120,   0.0561,   1.0202,  1.2172,  1.2703,  0.7148,  0.4290,   0.4191,   1.2857,  0.0129,  0.0181,  99.9999, 99.9999, 99.9999
Mun1.30Zp0.00T00.4467,                                         3.8109, 10.0926,  7.5091,  -0.2018, -0.1252,  0.3150,  -0.5961,   9.2438,  7.1356,  3.1447,  2.7208,  1.7232,  1.0009, -0.2663,  0.4366,  1.6816,  1.1404,  6.9110,   8.8677,  6.5531,  -0.7997,  0.4340,   0.0360,   2.6818,  0.0112,  0.0599,  1.0834,  1.3679,  1.3898,  0.7961,   0.4598,  0.4545,  1.3405,  0.0125,  0.0190,  99.9999, 99.9999, 99.9999
Mun1.30Zp0.00T00.5012,                                         3.7832,  9.7327,  7.2608, -0.1916, -0.1161,   0.3584, -0.3292,  8.7704,  6.8474,  3.0483,  2.6354,  1.6601,   0.9552, -0.1223,  0.4543,  1.8002,  1.3453,  6.6460,   8.5565,  6.3322, -0.8065,  0.4585,  0.0304,  2.8537,  0.0107,  0.0613,  1.1629,  1.4429,  1.4946,  0.7918,  0.4850,   0.4338,  1.3833,  0.0123,  0.0191,  99.9999, 99.9999, 99.9999
Mun1.30Zp0.00T00.5623,                                         3.5516,  9.1595,  6.7914, -0.1771,  -0.1052,  0.3919,  0.0456,  8.1482,  6.4195,  2.9111,   2.5102,  1.5766,  0.9037,  0.0282,  0.5529,  1.9814,  1.5655,  6.3071,   8.1936,  6.0518, -0.8357,  0.5317,  0.0339,  3.1756,  0.0121,   0.0655,  1.2181,   1.5738,  1.6005,  0.8472,  0.5169,  0.4505,  1.4454,  0.0127,  0.0195, 99.9999, 99.9999, 99.9999
Mun1.30Zp0.00T00.6310,                                          3.3762,  8.5405,  6.3087, -0.1627, -0.0943,  0.4211,   0.4025,  7.5053,  5.9983,  2.7833,  2.3918,  1.4920,   0.8450,   0.1983,  0.6438,  2.1534,  1.7495,  5.9968,  7.8512,  5.7916, -0.8687,  0.5976,  0.0395,  3.4660,   0.0126,  0.0699,  1.2834,  1.7023,  1.7061,   0.9034,  0.5513,  0.4750,   1.4948,  0.0127,  0.0197, 99.9999, 99.9999, 99.9999
Mun1.30Zp0.00T00.7079,                                         3.0949,  7.6304,  5.7321,  -0.1421,  -0.0763,  0.4434,  0.8377,  6.5964,  5.4801,   2.6491,   2.2708,  1.4049,  0.7835,  0.4880,   0.7409,  2.3324,  1.9398,  5.6252,  7.3713,  5.4653, -0.8747,  0.6844,  0.0446,  3.7870,   0.0139,  0.0740,   1.3275,  1.8473,  1.8322,  0.9658,  0.5946,  0.5011,   1.5204,  0.0127,  0.0202, 99.9999, 99.9999, 99.9999
Mun1.30Zp0.00T00.7943,                                         2.8420,   6.7283,  5.1706, -0.1215, -0.0581,   0.4696,  1.2968,  5.6484,  4.9277,  2.5033,  2.1404,  1.3097,  0.7143,  0.8052,  0.8295,  2.4726,  2.1673,  5.2357,  6.8802,  5.1163, -0.8593,  0.7490,   0.0473,  4.0244,  0.0168,  0.0794,  1.3995,  1.9563,  1.9256,  1.0276,  0.6349,  0.5324,  1.5619,  0.0124,  0.0210,  99.9999, 99.9999, 99.9999
Mun1.30Zp0.00T00.8913,                                         2.7947,  5.8731,   4.6731,  -0.0978, -0.0368,  0.5427,  1.7151,   4.5665,  4.3396,  2.3465,  2.0077,  1.2121,   0.6418,  1.2552,  0.8766,  2.6003,  2.4416,  4.7903,  6.3196,  4.7172, -0.8723,  0.7662,  0.0491,   4.2055,  0.0190,   0.0841,   1.5140,   2.0419,  2.0159,  1.0475,  0.6693,  0.5152,  1.6217,  0.0129,  0.0228, 99.9999, 99.9999, 99.9999
Mun1.30Zp0.00T01.0000,                                          2.7309,  4.9073,  4.1550,  -0.0758, -0.0176,  0.5937,  2.1302,  3.4689,  3.7511,   2.1864,  1.8648,  1.1019,  0.5556,  1.6663,  0.9349,  2.6940,   2.6130,   4.4185,  5.8228,  4.3661,  -0.8633,  0.8027,  0.0514,  4.3674,  0.0224,  0.0907,  1.6198,  2.1057,  2.0869,  1.0960,   0.7111,   0.5286,  1.6726,  0.0135,  0.0236, 99.9999, 99.9999, 99.9999
Mun1.30Zp0.22T00.0631,                                          2.9837,  6.9638,  5.8791,  -0.1315, -0.0579,  0.1967, -0.7773,  6.6829,  5.7061,   2.3641,   2.0134,  1.1598,  0.5476,  0.0909,  0.5325,  0.7749,  0.9624,  5.5021,   6.5804,  5.2377, -0.3130,   0.4572, -0.0297,  1.8515,  0.0272,  0.0569,  0.5910,   0.9318,  1.2061,   0.7715,  0.4125,  0.4775,  1.3392,  0.0306,  0.0593, 99.9999, 99.9999, 99.9999
Mun1.30Zp0.22T00.0708,                                         3.1499,  7.2815,  6.0911,  -0.1381,  -0.0636,  0.1815, -0.8393,  6.9543,  5.8456,  2.4044,  2.0459,  1.1796,  0.5592,  0.0121,   0.5000,   0.7774,  0.9325,  5.6381,   6.8082,  5.3703, -0.4437,  0.3836, -0.0286,  1.8201,   0.0252,  0.0538,  0.5716,  0.9501,   1.1954,  0.7379,  0.4473,  0.4856,  1.3206,  0.0224,  0.0406, 99.9999, 99.9999, 99.9999
Mun1.30Zp0.22T00.0794,                                         3.2836,  7.4779,  6.2236, -0.1432, -0.0678,  0.1765, -0.8482,  7.0964,  5.9324,  2.4359,  2.0707,  1.1876,  0.5550,  -0.0093,  0.4519,  0.7909,  0.8906,  5.7391,   6.9285,  5.4635, -0.4783,  0.3427, -0.0229,  1.7369,  0.0246,  0.0536,  0.6011,   0.9292,  1.1539,  0.7091,   0.4352,  0.4732,  1.2561,   0.0213,  0.0362, 99.9999, 99.9999, 99.9999
Mun1.30Zp0.22T00.0891,                                          3.3264,  7.6918,  6.4325, -0.1468, -0.0700,   0.1866, -0.8586,  7.2781,   6.1696,  2.5440,   2.1642,  1.2429,  0.5825,  0.1265,  0.4450,   0.7967,  0.8591,   5.9764,  7.1258,  5.6454, -0.5120,   0.3235, -0.0188,  1.7178,  0.0240,   0.0524,  0.6026,  0.9351,   1.1388,  0.6898,  0.4400,   0.4677,  1.2476,  0.0175,  0.0287, 99.9999, 99.9999, 99.9999
Mun1.30Zp0.22T00.1000,                                          3.4383,  7.9375,  6.6182, -0.1529, -0.0747,  0.1747, -0.8560,   7.4980,   6.3325,  2.6126,  2.2240,   1.2774,  0.5974,  0.0819,  0.3938,  0.8178,  0.7747,  6.1335,  7.2942,  5.7829, -0.5068,  0.3121,  -0.0152,  1.7121,   0.0234,  0.0510,   0.6019,  0.9133,  1.1238,  0.6773,  0.4342,  0.4588,  1.2478,  0.0165,  0.0261,  99.9999, 99.9999, 99.9999
Mun1.30Zp0.22T00.1122,                                         3.4355,  8.2249,  6.7657, -0.1610,  -0.0820,   0.1761,  -0.8747,  7.7640,   6.4777,  2.6929,  2.3022,  1.3459,  0.6574, -0.0355,  0.3554,  0.8404,  0.6921,   6.2589,  7.4820,   5.8990,  -0.5027,  0.3057, -0.0078,  1.7147,  0.0228,  0.0495,  0.6102,  0.8972,  1.1220,   0.6656,  0.4235,  0.4517,  1.2997,  0.0143,  0.0232, 99.9999, 99.9999, 99.9999
Mun1.30Zp0.22T00.1259,                                         3.5116,  8.5667,  7.0259, -0.1687, -0.0884,  0.1750,  -0.8808,  8.0754,  6.7041,   2.7994,  2.3966,  1.4108,  0.6999, -0.0500,   0.3124,  0.8883,  0.6693,  6.5054,  7.7725,  6.1105, -0.5453,  0.3011,  -0.0023,  1.7439,  0.0228,  0.0515,  0.6605,  0.8998,  1.1211,   0.6626,  0.4362,  0.4456,  1.3040,   0.0146,  0.0233, 99.9999, 99.9999, 99.9999
Mun1.30Zp0.22T00.1413,                                         3.6528,  8.9552,  7.2802, -0.1771,  -0.0955,  0.1767, -0.9714,  8.4744,  6.9525,  2.9060,   2.4901,   1.4776,  0.7461,  -0.1554,  0.2973,  0.9154,  0.7322,  6.7637,  8.1267,  6.3420,  -0.5616,  0.2982,  0.0020,   1.7724,  0.0212,  0.0505,  0.6659,  0.9390,   1.1264,  0.6688,  0.4317,  0.4466,  1.2821,   0.0140,   0.0227, 99.9999, 99.9999, 99.9999
Mun1.30Zp0.22T00.1585,                                         3.7070,   9.3064,  7.5101,  -0.1849, -0.1015,  0.1916, -1.0850,   8.8678,  7.1713,  3.0183,  2.5930,   1.5585,  0.8084, -0.2901,   0.2564,  0.9428,  0.7467,  6.9570,   8.4039,  6.5248, -0.5506,  0.2935,  0.0080,   1.7477,  0.0220,   0.0516,  0.6875,  0.9568,  1.1458,  0.6776,  0.4357,  0.4457,  1.3248,  0.0128,  0.0219, 99.9999, 99.9999, 99.9999
Mun1.30Zp0.22T00.1778,                                         3.7598,  9.3396,  7.5241,  -0.1849, -0.1011,   0.2062, -1.0107,  8.8815,  7.1760,   3.0557,  2.6260,   1.5889,  0.8376, -0.2593,  0.2884,  1.0230,   0.8849,  6.9932,  8.4789,  6.5640,  -0.5808,  0.3213,  0.0168,  1.8726,  0.0221,   0.0541,   0.7512,  1.0273,  1.1907,  0.7153,  0.4418,  0.4499,  1.3373,  0.0119,  0.0205, 99.9999, 99.9999, 99.9999
Mun1.30Zp0.22T00.1995,                                         3.9988,  9.6757,  7.7239, -0.1921,  -0.1084,  0.2088, -1.0775,  9.1827,  7.3639,  3.1268,  2.6895,  1.6331,   0.8658, -0.2948,  0.2509,  1.0846,  0.8298,  7.2161,   8.7884,  6.7487, -0.6321,   0.3219,  0.0191,   1.8960,   0.0218,  0.0563,  0.7651,   1.0298,  1.1894,  0.7232,  0.4341,   0.4345,  1.2730,   0.0119,  0.0179, 99.9999, 99.9999, 99.9999
Mun1.30Zp0.22T00.2239,                                         4.1279, 10.0624,  7.9337, -0.2003, -0.1163,  0.2175, -1.1610,   9.5558,  7.5646,  3.2187,  2.7745,  1.7054,  0.9275, -0.3905,  0.2432,  1.1383,  0.8573,  7.4084,  9.1010,   6.9169, -0.6716,  0.3460,   0.0226,  2.0219,  0.0213,  0.0576,  0.7633,  1.0871,   1.2419,  0.7437,  0.4537,  0.4470,   1.3217,  0.0113,  0.0179, 99.9999, 99.9999, 99.9999
Mun1.30Zp0.22T00.2512,                                         4.0551,  10.2703,  7.9742, -0.2050,  -0.1220,   0.2304, -1.1617,  9.7223,  7.6017,  3.2527,  2.8072,  1.7436,  0.9691,  -0.4354,  0.2728,  1.2573,  0.9232,  7.4343,  9.2309,  6.9538, -0.7069,  0.3691,   0.0292,  2.1454,  0.0198,  0.0595,  0.8099,  1.1484,  1.2808,  0.7788,  0.4480,   0.4520,   1.3087,  0.0112,  0.0168, 99.9999, 99.9999, 99.9999
Mun1.30Zp0.22T00.2818,                                         4.1485, 10.3360,   7.9742, -0.2054, -0.1232,  0.2427, -1.0901,   9.7144,  7.5980,   3.2940,   2.8486,  1.7910,   1.0205, -0.3568,  0.2847,  1.3896,  1.0381,   7.4494,  9.3008,  6.9689, -0.7827,  0.3863,  0.0344,  2.2746,  0.0198,  0.0625,  0.8823,  1.2189,  1.3343,  0.8013,  0.4677,  0.4587,  1.3374,  0.0118,  0.0167, 99.9999, 99.9999, 99.9999
Mun1.30Zp0.22T00.3162,                                         4.1658, 10.4505,  8.0233, -0.2074, -0.1243,  0.2589, -0.9360,   9.7075,  7.6001,   3.3425,  2.8969,  1.8369,  1.0653, -0.2325,  0.3565,  1.5125,  1.2163,  7.3835,  9.2553,  6.9220,  -0.8324,  0.3726,  0.0391,   2.4186,  0.0157,  0.0585,  0.9352,  1.3130,   1.3813,  0.7944,  0.4778,  0.4646,  1.3556,  0.0110,   0.0162, 99.9999, 99.9999, 99.9999
Mun1.30Zp0.22T00.3548,                                         3.8897, 10.0153,  7.5792, -0.1966, -0.1171,   0.2739, -0.6115,  9.2012,  7.2311,   3.2304,  2.7922,  1.7667,  1.0227, -0.1244,  0.4969,  1.7511,   1.3680,   7.0832,  8.9755,  6.6883, -0.8963,  0.4552,  0.0533,  2.8093,  0.0139,  0.0617,  0.9707,  1.4701,   1.4859,  0.8924,  0.5104,  0.5270,   1.4072,  0.0103,  0.0162, 99.9999, 99.9999, 99.9999
Mun1.30Zp0.22T00.3981,                                          3.8660,   9.6675,  7.3618, -0.1876, -0.1101,   0.2356, -0.4564,  8.8206,  7.0412,  3.1889,  2.7536,  1.7255,  0.9800,   0.0759,  0.5452,  1.9597,  1.3656,  6.9334,  8.7416,  6.5504, -0.8844,  0.5178,  0.0748,  2.9970,   0.0138,  0.0661,   1.0055,  1.5239,  1.5827,  1.0085,  0.5580,   0.6151,   1.4512,  0.0099,  0.0178, 99.9999, 99.9999, 99.9999
Mun1.30Zp0.22T00.4467,                                         3.7077,  9.1408,  6.9470,  -0.1735, -0.0984,  0.3234, -0.0956,  8.2576,  6.6702,  3.0627,  2.6366,  1.6490,   0.9351,   0.1621,   0.6123,  2.1010,   1.6453,  6.6217,  8.4123,  6.2956, -0.9731,   0.5510,   0.0618,  3.2951,   0.0160,   0.0695,  1.0714,  1.6701,   1.7048,  1.0018,  0.5790,   0.5568,  1.5173,  0.0104,  0.0178, 99.9999, 99.9999, 99.9999
Mun1.30Zp0.22T00.5012,                                         3.5495,  8.6261,   6.5447, -0.1606, -0.0882,  0.3683,  0.2331,   7.6933,  6.3019,  2.9514,  2.5333,  1.5774,  0.8886,  0.3311,   0.7069,  2.2641,   1.8610,   6.3324,  8.1001,   6.0553, -1.0365,  0.6070,   0.0655,  3.5896,  0.0173,  0.0744,  1.1592,  1.8084,  1.8311,   1.0638,  0.6041,   0.5752,  1.5983,  0.0103,  0.0181,  99.9999, 99.9999, 99.9999
Mun1.30Zp0.22T00.5623,                                         3.3212,  7.9239,  5.9988, -0.1451,  -0.0764,  0.4250,   0.6353,  6.9795,  5.8549,  2.8223,  2.4105,  1.4924,  0.8331,   0.5094,  0.8164,  2.4614,  1.9858,  6.0424,  7.7879,  5.8092, -1.0803,  0.6878,  0.0652,  3.9778,  0.0164,  0.0765,  1.2062,  1.9297,  1.9367,  1.1096,  0.6505,  0.5734,  1.6710,   0.0105,  0.0176, 99.9999, 99.9999, 99.9999
Mun1.30Zp0.22T00.6310,                                          3.1825,  7.1505,  5.4902, -0.1263, -0.0603,  0.4800,   1.0828,  6.1847,  5.3703,  2.6601,   2.2601,   1.3788,  0.7483,  0.7038,  0.8879,  2.5446,  2.3005,  5.7171,   7.3822,  5.5195, -1.1734,  0.7097,  0.0611,   4.2079,  0.0212,  0.0842,  1.3311,   2.0514,  2.0314,  1.1314,  0.6733,  0.5453,  1.7657,  0.0108,  0.0193, 99.9999, 99.9999, 99.9999
Mun1.30Zp0.22T00.7079,                                         3.1744,  6.2892,  4.9354, -0.1037, -0.0405,  0.6036,  1.5283,  5.0924,  4.7720,   2.5124,  2.1358,  1.2954,  0.6945,  1.1479,  0.9781,   2.7540,   2.5868,  5.2778,  6.8857,  5.1466, -1.2078,  0.7549,  0.0576,  4.5321,   0.0201,   0.0845,  1.4141,   2.1910,   2.1922,  1.1359,  0.7234,  0.5241,   1.7568,  0.0110,   0.0192, 99.9999, 99.9999, 99.9999
Mun1.30Zp0.22T00.7943,                                         3.1238,  5.2061,   4.2964, -0.0786, -0.0184,  0.6657,  1.9657,  3.9267,  4.1523,  2.3616,  2.0019,  1.2012,  0.6304,  1.6035,  1.0939,  2.9545,  2.8947,  4.8598,  6.3551,   4.7645, -1.1693,  0.8427,  0.0548,  4.8552,  0.0233,  0.0912,  1.4804,  2.3174,  2.3307,  1.2058,  0.7793,  0.5608,  1.8317,  0.0114,  0.0191,  99.9999, 99.9999, 99.9999
Mun1.30Zp0.22T00.8913,                                         3.0893,  4.4677,  3.9205, -0.0609, -0.0029,  0.7382,  2.3919,  2.9190,   3.5986,  2.2261,   1.8851,   1.1165,  0.5701,   2.1224,  1.1670,   3.0530,   3.2388,  4.5036,  5.9282,  4.4461,  -1.1841,   0.8856,  0.0606,  5.0417,  0.0282,  0.1026,  1.6964,  2.4263,  2.4523,  1.2692,  0.8120,   0.5878,  1.9875,  0.0120,   0.0210,  99.9999, 99.9999, 99.9999
Mun1.30Zp0.22T01.0000,                                          3.0948,  3.7299,  3.5303, -0.0457,  0.0096,  0.7562,  2.7740,   2.0167,  3.0484,  2.0855,  1.7633,  1.0310,   0.5104,  2.4437,  1.2128,  3.0733,  3.4738,  4.1732,  5.5187,  4.1379, -1.1465,  0.9111,   0.0618,  5.1222,  0.0303,  0.1082,  1.8387,  2.4897,  2.5086,  1.3081,   0.8451,   0.6263,  2.0188,  0.0121,   0.0223, 99.9999, 99.9999, 99.9999