1813.88 1942.64
1839.32 1931.16
1782.82 1944.73
1793.24 1958.98
1773.17 1917.11
1782.41 1924.09
1847.92 1926.78
1768.72 1923.67
1763.45 1919.36
1764.38 1910.21
1820.33 1975.85
1834.13 1917.71
1809.77 1934.86
1734.28 1984.48
1773.67 1927.97
1761.19 1929.91
1788.62 1867.43
1804.80 1948.29
1801.57 1929.90
1772.85 1963.06
1827.17 1873.07
1801.33 1944.29
1842.84 1913.84
1765.90 1979.59
1838.06 1890.59
1727.17 1991.19
1883.20 1938.08
1793.58 1874.35
1710.54 1917.03
1782.13 1869.37
1884.20 1943.49
1798.62 1963.76
1841.50 1903.32
1829.38 1890.05
1804.63 1873.98
1708.51 1967.04
1783.26 1851.22
1782.46 1883.03
1799.33 1921.98
1784.15 1862.05
1852.41 1909.65
1856.48 1963.96
1834.43 1898.64
1783.75 1871.53
1748.10 1987.08
1851.98 1918.07
1855.38 2006.54
1879.53 1951.32
1736.81 1915.77
1752.98 1916.14
1734.40 1974.81
1859.38 1924.06
1725.61 1922.75
1750.55 1938.83
1729.72 1981.11
1779.94 1972.80
1788.66 1840.57
1752.68 1983.28
1741.35 1938.77
1744.48 1924.01
1822.58 1894.73
1863.43 1955.22
1796.73 1972.91
1753.59 1878.55
1868.09 1966.56
1859.15 1883.70
1732.45 1996.96
1786.46 1967.51
1738.22 1926.78
1894.16 1947.48
1767.05 1873.02
1820.43 1914.88
1892.15 1903.49
1846.27 1894.30
1819.78 1847.94
1812.61 1971.65
1809.97 1884.20
1797.42 1951.07
1870.38 1948.66
1842.95 1844.98
1775.86 1978.95
1745.89 1890.47
1740.35 1923.57
1823.15 1931.31
1875.47 1943.82
1889.43 1940.16
1767.09 1966.42
1785.38 1848.17
1809.27 1965.24
1730.45 1909.31
1834.73 1881.43
1735.94 1927.80
1744.26 1874.95
1800.62 2026.48
1852.98 1959.77
1834.50 1926.41
1841.06 1884.79
1765.58 1846.57
1801.34 1846.43
1768.85 1896.43
1793.56 1838.80
1830.55 1872.22
1740.85 2003.19
1780.11 1840.01
1763.36 1968.02
1798.42 1860.68
1741.45 1994.86
1763.39 1888.52
1822.85 2025.11
1856.57 1973.98
1852.28 1993.88
1807.10 1949.22
1844.77 1985.21
1777.46 1953.95
1822.45 1944.75
1837.99 1991.52
1864.02 1893.96
1799.89 1995.22
1824.80 1976.35
1813.05 1834.86
1836.37 2014.75
1759.94 2022.58
1821.30 1927.81
1850.41 1976.59
1788.52 1982.00
1873.70 1916.31
1762.34 1902.10
1825.36 1860.00
1871.22 1961.24
1869.03 1866.07
1820.26 1877.56
1765.89 2012.99
1731.88 1938.13
1754.27 1896.38
1820.24 1961.74
1803.45 1964.69
1813.87 2010.46
1851.99 1982.51
1742.80 1888.17
1810.43 1876.43
1767.08 1972.74
1755.24 1996.16
1836.65 1976.89
1817.62 1867.18
1767.93 2003.11
1844.33 1933.82
1749.58 2013.64
1719.87 1965.37
1867.71 1890.70
1760.95 1992.09
1854.58 2009.86
1812.14 1859.55
1888.91 1960.95
