1838.82 1930.66
1782.32 1944.23
1792.74 1958.48
1772.67 1916.61
1781.91 1923.59
1768.22 1923.17
1762.95 1918.86
1763.88 1909.71
1819.83 1975.35
1833.63 1917.21
1809.27 1934.36
1773.17 1927.47
1760.69 1929.41
1804.30 1947.79
1801.07 1929.40
1772.35 1962.56
1800.83 1943.79
1842.34 1913.34
1765.40 1979.09
1837.56 1890.09
1793.08 1873.85
1798.12 1963.26
1841.00 1902.82
1828.88 1889.55
1781.96 1882.53
1798.83 1921.48
1851.91 1909.15
1833.93 1898.14
1851.48 1917.57
1752.48 1915.64
1858.88 1923.56
1779.44 1972.30
1822.08 1894.23
1819.93 1914.38
1845.77 1893.80
1809.47 1883.70
1796.92 1950.57
1822.65 1930.81
1808.77 1964.74
1850.63 1901.59
1852.48 1959.27
1834.00 1925.91
1820.82 1959.80
1808.51 1979.52
1806.60 1948.72
1776.96 1953.45
1821.95 1944.25
1819.76 1877.06
1802.95 1964.19
