# Object Xpix        Ypix       DisFromSN  S/N 435   S/N 555   S/N 625   S/N 814     Sharp      435       555       625      814      Round     435      555     625      814      Crowd     435     555      625     814
1.0000   1771.6900   1916.1400   14.3567   37.1000   30.2000   33.7000   32.3000   -0.3260   -0.2610   -0.4000   -0.3790   -0.3000   0.1480   0.3010   0.0980   0.0990   0.0260   0.2450   0.2700   0.2410   0.2140   0.2400
1.0000   1786.1400   1911.8100   12.0996    7.8000   11.5000   19.1000   32.3000   -0.5690   -0.7700   -0.5780   -0.5810   -0.4610   0.0930   0.0490   0.1970   0.0230   0.1040   0.1200   0.2260   0.1300   0.0800   0.0920
1.0000   1769.2600   1923.0900   14.6480   25.3000   22.4000   22.9000   23.0000    0.0300    0.1140   -0.0030   -0.1020    0.0580   0.1870   0.2310   0.1700   0.1140   0.2400   0.1220   0.1280   0.1010   0.1000   0.1610
1.0000   1773.5000   1929.5000   11.9041   12.0000   18.0000   22.4000   31.8000    0.3420    0.6020    0.3030    0.1970    0.2910   0.1280   0.1320   0.1750   0.1330   0.0680   0.0380   0.0510   0.0280   0.0290   0.0440
1.0000   1782.5200   1934.7100   11.0960    9.7000    8.1000   12.8000   31.3000   -0.3210   -0.4820   -0.3900   -0.3610   -0.1730   0.2490   0.2220   0.2580   0.4280   0.1470   0.1250   0.1730   0.1620   0.1310   0.0800
1.0000   1782.3700   1911.7000   12.0961    7.2000   10.5000   16.2000   25.7000   -0.3970   -0.3480   -0.5190   -0.4620   -0.4010   0.0260   0.2650   0.0490  -0.0300  -0.1040   0.0820   0.1060   0.0810   0.0750   0.0830
1.0000   1785.1600   1915.4400   8.3558    14.9000   11.9000   17.7000   20.1000   -0.4810   -0.4990   -0.6980   -0.4520   -0.3200   0.1480   0.1380   0.2430   0.0360   0.1970   0.1330   0.1270   0.1330   0.1150   0.1600
1.0000   1781.4600   1915.8200   8.2473    11.1000   10.5000   13.9000   21.7000   -0.4400   -0.3330   -0.4960   -0.5760   -0.4100   0.2660   0.5360   0.2850   0.0850   0.1610   0.1300   0.1680   0.1360   0.1090   0.1150
1.0000   1795.1300   1925.3000   11.3481    9.4000   10.3000   12.4000   17.6000   -0.1270    0.0130   -0.1000   -0.2090   -0.1860   0.2600   0.1670   0.3940   0.2350   0.1540   0.4130   0.4720   0.4070   0.3750   0.3570
1.0000   1788.8900   1914.3700   10.5824   15.8000    9.0000   15.3000   15.6000   -0.2420   -0.0930   -0.2170   -0.4200   -0.2900   0.0940   0.1990  -0.0240   0.1090  -0.0930   0.1120   0.1060   0.0690   0.0800   0.1810
1.0000   1784.3600   1919.9500   3.7782     9.8000    8.5000   12.7000   19.1000   -0.4330   -0.4290   -0.5200   -0.4870   -0.3500   0.2070   0.2760   0.3870   0.2310  -0.0400   0.2240   0.2830   0.2570   0.1960   0.1730
1.0000   1795.8100   1929.6000   13.2957    7.8000    5.4000    9.5000   18.5000   -0.3030   -0.0470   -0.3540   -0.3140   -0.4830   0.4130   0.4550   1.1370   0.2380   0.0830   0.3560   0.4150   0.5140   0.3570   0.2870
1.0000   1792.0300   1918.1700   9.8361    11.0000   11.0000   14.3000   15.4000   -0.1590   -0.0310   -0.2180   -0.2480   -0.1870   0.1030   0.0380   0.2800   0.1760  -0.1410   0.1160   0.1390   0.0900   0.0830   0.1400
1.0000   1786.2300   1937.0000   13.5038   13.8000   11.3000   13.5000   14.1000   -0.3410   -0.1820   -0.3180   -0.4930   -0.4830   0.2680   0.2820   0.3320   0.1910   0.2520   0.4990   0.4930   0.5010   0.4400   0.5800
1.0000   1793.1600   1921.4800   9.5269     2.4000    4.0000    6.9000   16.4000   -0.0990   -0.3010   -0.2140   -0.1120    0.0060   0.0530   0.2170   0.1050   0.0810  -0.0410   0.6720   1.3850   0.9630   0.7160   0.3950
1.0000   1780.9700   1937.6500   14.2539   11.2000   11.7000   12.6000   11.4000   -0.3520   -0.1830   -0.3690   -0.4380   -0.4320   0.2800   0.2750   0.4030   0.1000   0.1270   0.2250   0.1430   0.1560   0.2010   0.5010
1.0000   1770.7300   1920.7100   13.5005   15.2000    9.5000    9.4000   12.2000    0.0070   -0.0570    0.1450    0.1270   -0.0850   0.5620   0.4490   0.7780   0.8240   0.2270   0.5050   0.5010   0.5980   0.5820   0.3940
1.0000   1790.4100   1928.6000   8.1520     2.2000    3.3000    5.9000   13.9000   -0.1610    0.1910   -0.3330   -0.2990   -0.1500   0.4710   2.8650   0.7680  -0.2570   0.0260   0.4210   1.0630   0.6920   0.5060   0.2620
1.0000   1797.1700   1923.9500   13.2771   13.3000    9.0000    9.4000   12.1000   -0.2620   -0.0440   -0.3190   -0.4030   -0.5120   0.2610   0.2610   0.2560   0.0880   0.4550   0.3050   0.2310   0.3030   0.3470   0.4210
1.0000   1773.0200   1920.2800   11.4002   15.6000   10.8000   10.8000    6.9000   -0.3230   -0.3060   -0.1210   -0.4160   -0.6000   0.1180   0.0550   0.1480   0.0790   0.3690   0.3860   0.3680   0.3740   0.3460   0.5370
1.0000   1792.7700   1924.9000   8.9555    14.0000    8.5000   10.1000    5.3000   -0.0670    0.0750   -0.0970   -0.2470   -0.2730   0.2850   0.3180   0.1390   0.2060   0.7490   0.5600   0.4340   0.5460   0.5690   1.2020
1.0000   1794.1700   1923.5000   10.2766    9.3000    5.9000    8.2000   11.2000   -0.1970   -0.1710   -0.0580   -0.1710   -0.3440   0.1940   0.3070   0.0360   0.0730   0.3040   0.7350   0.7880   0.9670   0.7480   0.7540
1.0000   1770.8000   1918.3300   14.1534   13.3000   10.4000    7.7000    3.7000   -0.3880   -0.4180   -0.4490   -0.2360   -0.3210   0.7040   0.6960   0.5130   0.9580   0.9490   0.8850   0.7990   0.7650   1.0260   1.5580
1.0000   1790.5400   1935.8900   13.8838    2.0000    2.5000    7.1000   10.6000   -0.6420   -0.9040   -1.0960   -0.4180   -0.5660   0.9020   3.2590   0.9390   0.6670   0.2290   0.4380   0.8050   0.7230   0.3230   0.3450
1.0000   1775.2200   1918.9600   9.8856    11.1000    7.8000    5.8000    2.9000   -0.1730   -0.1190   -0.1130   -0.2930   -0.4290   1.1410   0.8200   1.5840   1.1500   0.9620   0.3320   0.2810   0.3030   0.3830   0.7310
1.0000   1785.6700   1909.0400   14.7666    6.2000    7.5000    5.8000    9.7000    0.3220    0.5110    0.2320    0.4590    0.1120   1.0580   0.0020   0.5990   3.0280   1.2130   0.2290   0.1800   0.1480   0.2680   0.3530
1.0000   1793.4400   1932.2300   12.8012    5.8000    6.3000    5.9000    7.9000   -0.1660   -0.2020   -0.0430   -0.1510   -0.2440   0.3880   0.1550   0.9250   0.0830   0.3170   0.3360   0.2990   0.2890   0.3890   0.4060
1.0000   1788.8300   1937.4800   14.6374    6.1000    6.1000    4.5000    8.4000   -0.1190   -0.1940    0.0300   -0.0180   -0.2110   0.1310  -0.3170  -0.0590   0.0640   1.1060   0.5170   0.4130   0.4500   0.7650   0.6190
1.0000   1797.9100   1921.1700   14.2412    3.4000    1.5000    3.1000    8.7000   -0.1830   -0.0790   -0.6850    0.0390   -0.2440   0.3830   0.6350  -1.4670   0.4480   0.5570   0.6780   0.9580   0.9400   0.7990   0.4930
1.0000   1795.0900   1919.6300   11.9114   10.3000    5.6000    4.1000    0.2000   -0.0250   -0.0590    0.1340    0.2180   -7.0620   0.3140   0.3450   0.1620   0.4820   0.5480   0.3080   0.2170   0.3560   0.5030   3.6860
1.0000   1790.4800   1911.4100   13.9424    6.0000    3.5000    3.5000    9.6000    0.0030   -0.1550    0.3230    0.4180   -0.1290   1.6320   1.1630   2.1620   3.0810   1.0460   0.2160   0.1760   0.2730   0.2940   0.2100
1.0000   1791.9700   1930.0300   10.2604    5.7000    5.5000    6.6000    1.7000   -0.1430   -0.1540    0.1960   -0.4130   -0.3760   1.4810   1.9290   1.7250   0.9430   0.1030   0.4390   0.3020   0.3060   0.3660   5.6500
1.0000   1779.6200   1933.3700   10.5734    6.5000    5.1000    6.6000    4.8000   -0.2990   -0.2740    0.1100   -0.3620   -0.8280   0.7630   0.6570   0.4940   1.3760   0.3640   0.2630   0.1760   0.1820   0.2140   0.7370

# Object Xpix        Ypix       DisFromSN  S/N 435   S/N 555   S/N 625   S/N 814     Sharp      435       555       625      814      Round     435      555     625      814      Crowd     435     555      625     814
1.0000   1780.6500   1925.3900   3.6592    67.5000   73.3000   98.3000  151.4000   -0.0690   -0.0460   -0.1170   -0.1020   -0.0290   0.0270   0.0520   0.0390   0.0020   0.0140   0.0490   0.0500   0.0430   0.0430   0.0570
1.0000   1778.9300   1924.1600   4.9866    13.5000   14.0000   17.9000   37.5000   -0.0920   -0.0680   -0.0520   -0.1840   -0.0820   0.4630   1.0300   0.8200   0.1510  -0.0650   0.8450   0.8150   0.8130   0.9350   0.8430
1.0000   1784.7200   1938.1300   14.4540   15.9000   13.6000   14.3000   18.4000   -0.3590   -0.3730   -0.3360   -0.3540   -0.4070   0.0650   0.1210   0.0750   0.1040   0.0710   0.3150   0.3300   0.2630   0.2830   0.3080

remaining
1.0000 x 1791.3100   1922.2900   7.5475    10.4000   10.4000   12.9000   16.4000   -0.1720   -0.1520   -0.2730   -0.1900   -0.1030   0.2060   0.2120   0.2500   0.2770   0.0650   0.3400   0.3470   0.3000   0.3080   0.4090
1.0000 x 1788.5200   1922.0100   4.9237    10.9000    7.5000   10.0000   11.8000   -0.0850   -0.1430    0.0410   -0.0700   -0.1050   0.7940   0.8780   1.2560   0.6210   0.3090   0.2350   0.2020   0.2330   0.2280   0.3240

high sharp
bad 1.0000 x 1783.8800   1917.9100   5.7896     7.8000    6.1000    5.3000    2.7000   -0.5130   -0.3660   -0.6020   -0.0480   -1.9380   0.1880   0.1550   0.1470   0.3770   0.0040   0.6510   0.4980   0.5410   0.7920   1.6880

high crowd
bad1.0000 x 1782.6300   1927.6800   4.1767    11.4000    9.3000   10.5000    6.6000   -0.2790   -0.3290   -0.1600   -0.2840   -0.3160   0.6500   0.8590   0.5140   0.5730   0.4840   0.6320   0.4510   0.5760   0.6080   1.4230

c <= .8
r <= 1.5

removed
high round
1.0000 x 1788.3800   1925.4900   4.8289     1.5000    3.4000    7.2000    8.8000   -0.0810    0.0140   -0.3600    0.0110   -0.0470   1.5340   6.6520   1.9330   0.6210   0.4340   0.4150   0.9470   0.3540   0.2970   0.3970
2.0000 x 1788.1000   1928.9400   6.7188     0.2000    1.4000    4.5000    6.6000   -0.2230   -0.8120   -0.3930    0.0280   -0.3200   2.3420   9.9990   5.4330   2.2060  -0.0190   0.5680   5.7440   0.7430   0.4850   0.5650

high crowd
1.0000 x 1790.9700   1925.9000   7.4090     3.1000    2.3000    5.9000    7.1000   -0.3540   -0.6600   -1.2960   -0.1120    0.0800   0.7230   1.1390   1.4320   0.5400   0.1420   0.8080   1.0690   1.2620   0.6650   0.6470
