# Object Xpix        Ypix        DisFromSN   Sub    S/N 435  S/N 555  S/N 625  S/N 814   AbsMag 435 AbsMag 555 AbsMag 625 AbsMag 814 Sharp Round Crowd  Sharp 435   555   625   814 Round 435   555  625   814 Crowd 435  555  625  814
OK2.0000   3258.6900   3440.0800   22.3149   0.7550   -0.7000   2.0000   2.1000   4.9000   68.8730   -4.0860   -4.9640   -5.7190   0.1450   0.2580   0.1920   0.0000   1.4350   -0.0300   -0.4130   0.0000   0.2000   0.3770   0.2240   5.2970   0.0710   0.0120   0.1140
?2.0000   3241.8900   3391.2400   29.8707   1.4460   -0.3000   2.6000   0.8000   5.3000   68.8730   -4.3680   -4.2830   -5.7290   -0.4060   0.0920   0.7500   0.0000   -0.0690   -0.9880   -0.5880   0.0000   0.0140   -0.1180   0.2760   9.9990   0.2730   0.1110   0.1880?
?2.0000   3261.5100   3419.0600   13.5447   -0.2800   1.0000   2.1000   5.6000   3.8000   -2.8250   -4.2250   -5.8420   -5.5620   -0.1030   0.2490   0.2170   1.0260   -0.5150   -0.2180   -0.3110   0.8090   -0.0540   -0.1050   1.0640   4.6990   0.1980   0.0980   0.2040?
2.0000   3253.7000   3415.3900   7.6068   0.8600   0.3000   2.8000   2.9000   5.9000   -1.9010   -4.4920   -5.1140   -5.9740   -0.0050   0.4190   0.3920   2.4040   -0.1390   -0.4450   -0.1240   0.3950   0.4310   0.6420   0.2310   5.3760   0.2290   0.2840   0.2150
2.0000   3243.9600   3402.0400   18.8770   2.3710   -0.2000   3.2000   0.9000   5.9000   68.8730   -4.5660   -3.6030   -5.9740   -0.0060   0.0970   0.2070   0.0000   -0.1200   1.2350   -0.0940   0.0000   0.1630   -0.6300   0.1900   4.7660   0.0760   0.4960   0.2030
2.0000   3254.2900   3445.1400   25.4487   2.2100   0.5000   2.1000   1.4000   6.3000   -2.5540   -4.1150   -3.6090   -5.8190   0.0520   0.2750   0.2350   -0.0600   -0.0120   0.2450   0.0030   0.3560   0.6210   -0.2510   0.2340   5.8430   0.1380   0.0430   0.2910
?2.0000   3291.4000   3432.7700   45.0715   1.1950   1.3000   0.9000   1.5000   3.4000   -3.5380   -3.3440   -4.0340   -5.2290   0.0300   0.3770   0.2770   0.4110   0.0490   -0.0220   -0.1280   0.3970   -0.2910   0.8940   0.4630   5.5070   0.0870   0.0930   0.4910?
?2.0000   3284.3600   3424.9200   36.5925   -0.6440   -0.2000   1.6000   3.2000   2.3000   68.8730   -4.0610   -5.3710   -4.7270   -0.5760   0.4270   0.2540   0.0000   -0.6740   -0.0230   -1.0640   0.0000   0.4940   0.5290   0.0900   4.8400   0.0220   0.0140   0.8850?
?2.0000   3231.7400   3397.2000   28.4112   -0.1940   0.8000   0.2000   3.9000   3.7000   -2.4080   -1.1390   -5.4110   -5.2170   -0.7540   0.2060   0.1550   -2.0720   -1.6310   -0.4340   -0.1130   0.0470   -0.1280   0.1040   0.5990   4.9300   0.1020   0.0530   0.1950?
2.0000   3257.3700   3466.3500   46.8183   1.2400   -1.8000   0.1000   1.9000   6.3000   68.8730   0.7790   -4.5250   -5.7650   -0.2810   0.4530   0.1810   0.0000   -1.7110   0.6210   -0.3940   0.0000   1.0340   0.3720   0.3880   5.1870   0.1550   0.1330   0.0750
?2.0000   3219.5900   3408.6700   30.7995   0.5320   0.8000   0.8000   2.1000   3.1000   -2.8020   -2.8160   -4.4630   -4.9950   -0.2590   0.1250   0.9390   -0.8410   0.0180   0.2810   -0.2510   -0.3300   0.2350   0.0950   0.4570   5.5180   5.0000   0.2840   0.6680?
?2.0000   3223.0500   3410.2200   27.0099   0.7800   0.9000   -2.2000   2.3000   4.5000   -2.8970   68.8830   -4.6150   -5.3950   -0.3310   0.1890   0.2490   -1.3160   0.0000   0.1590   -0.1730   -0.3450   0.0000   0.2660   0.4090   5.4110   0.0000   0.1360   0.2480?

?2.0000   3259.1000   3404.8200   19.1651   1.3590   2.7000   0.9000   1.7000   5.6000   -4.1560   -3.2160   -4.4660   -5.8250   -0.4360   0.1890   0.1520   -0.4390   -1.5890   0.7030   -0.4480   0.2780   -0.0690   -0.0600   0.2960   0.0510   5.1630   0.1500   0.1790?
2.0000   3278.0100   3452.5700   43.9159   1.0840   1.3000   1.5000   2.0000   5.2000   -3.0590   -3.7890   -4.7720   -5.8560   -0.5700   0.4070   0.2200   -1.0860   -0.3510   -0.5390   -0.3720   0.4400   0.2310   0.6630   0.3430   1.2430   4.8640   0.0790   0.1140
2.0000   3255.1100   3452.2200   32.5269   0.2510   1.9000   0.6000   3.1000   4.7000   -3.4540   -2.8230   -5.4720   -5.7230   0.0210   0.2750   0.2210   -0.0780   -0.4350   -0.2540   0.3410   0.5880   0.4260   0.2320   -0.0520   0.2230   5.3580   0.0220   0.2880
?2.0000   3234.9500   3387.3500   35.6135   0.1310   -0.2000   -0.2000   6.0000   5.7000   -0.0910   68.8830   -5.7740   -5.9050   -0.0690   0.5440   0.0770   0.0780   0.0000   0.1020   -0.3830   1.5320   0.0000   0.4520   0.4340   0.0720   4.8400   0.0290   0.0510?
2.0000   3281.3800   3430.8600   34.9221   1.8270   0.3000   -1.5000   1.6000   5.6000   -2.3790   68.8830   -4.2720   -6.0990   -0.4810   0.3200   0.0830   -1.6970   0.0000   -0.1260   -0.1530   -0.2370   0.0000   0.6220   0.3960   0.0300   5.1860   0.2560   0.0810
?2.0000   3207.5300   3432.5900   42.2830   0.1810   1.3000   -0.3000   3.7000   2.6000   -3.1360   68.8830   -4.7950   -4.9760   -0.0510   0.6270   0.2430   0.5550   0.0000   -0.0660   -0.3850   -0.7900   0.0000   1.5570   0.4280   0.1680   5.1040   0.2500   0.6270?
2.0000   3253.4300   3433.6600   14.2482   1.8660   2.5000   0.8000   1.3000   5.4000   -4.0360   -3.0830   -4.0140   -5.8800   0.0940   0.5710   0.8400   -0.2380   2.0300   0.0060   -0.0480   0.1480   1.8320   1.2750   0.1810   0.2710   5.3350   0.6730   0.5650
2.0000   3237.7200   3444.6200   26.2613   0.5110   2.0000   -0.7000   3.1000   3.9000   -3.3880   68.8830   -4.7470   -5.2580   0.0640   0.5480   0.2370   0.4740   0.0000   0.0900   -0.5550   0.5120   0.0000   0.4520   0.7150   1.8730   4.9630   0.0900   0.1510
?2.0000   3235.0100   3395.1700   28.4587   0.7600   0.2000   0.9000   2.1000   3.2000   -1.7760   -3.1010   -4.4760   -5.2360   -0.1150   0.5860   0.1970   1.0660   0.4060   -0.1770   -0.3680   3.6720   0.0600   0.3860   0.0350   0.0310   5.0540   0.3310   0.1100?
?2.0000   3265.2900   3401.7800   25.4352   -0.0290   2.1000   0.5000   3.1000   2.5000   -3.7560   -2.6750   -5.2320   -5.2030   -0.1160   0.1220   0.1620   -0.0700   -2.2980   0.4960   -0.4320   -1.2310   0.7530   1.2530   0.7430   0.1050   5.1100   0.0800   0.3070?
2.0000   3223.2800   3462.9000   49.1246   -0.1000   3.1000   -0.8000   3.4000   3.1000   -3.9400   68.8830   -5.0860   -4.9860   -0.2240   0.2760   0.6580   -0.5590   0.0000   -0.0640   0.5460   0.2690   0.0000   -0.0080   0.7820   0.0610   5.1180   0.2110   0.0680

2.0000   3266.5400   3426.2100   19.3707   1.8340   -1.2000   -0.9000   1.0000   5.3000   68.8730   68.8830   -4.2820   -6.1160   -0.1530   1.0480   0.1470   -1.2180   0.0000   -0.4470   0.2520   5.2590   0.0000   0.0480   0.8600   0.1050   0.0000   5.0110   0.1770
2.0000   3251.1900   3411.7700   9.2540   2.1610   -0.5000   2.6000   0.6000   5.9000   68.8730   -4.4290   -3.6890   -5.8500   0.0340   0.1960   0.3010   1.1560   -0.1230   1.1140   -0.1000   0.1880   0.2930   -0.3990   0.2150   0.2190   0.4340   5.2930   0.2840
2.0000   3265.2500   3410.8400   19.7224   1.2610   -2.2000   2.8000   1.8000   6.6000   68.8730   -4.5480   -4.8880   -6.1490   -0.1350   0.2270   0.1640   0.0000   -0.1510   -0.7350   -0.0970   0.0000   0.2110   0.2530   0.2290   0.0000   0.1470   5.1270   0.1580
2.0000   3221.8900   3424.0600   26.3941   2.9150   -0.4000   0.6000   0.5000   4.3000   68.8730   -2.5980   -2.6100   -5.5250   -0.0830   0.4110   0.0760   -1.5940   2.7500   -1.1280   -0.1390   -0.1810   0.8010   1.4670   0.1840   0.0340   0.0860   4.9770   0.0360
?2.0000   3217.0200   3444.0500   38.9634   0.7480   1.9000   0.1000   2.3000   3.3000   -3.4800   0.0880   -4.1880   -4.9360   -0.1790   0.0840   0.4430   0.6430   -0.5190   -0.0510   -1.0090   0.0360   0.3310   0.0210   0.1380   0.6400   0.2710   5.2320   0.4360??
2.0000   3239.7200   3461.2700   41.6385   0.5370   -2.3000   0.7000   2.9000   5.0000   68.8730   -2.6000   -5.1360   -5.6730   -0.0280   0.5040   0.2790   0.0000   0.1040   -0.3350   -0.1180   0.0000   0.1560   0.3950   0.8690   0.0000   0.0650   5.1150   0.4390
2.0000   3213.2600   3455.4200   49.3053   2.7290   2.0000   1.6000   0.5000   4.0000   -3.3560   -3.5880   -2.4530   -5.1820   -0.0580   0.1720   0.1280   0.5780   -0.2420   -2.0430   -0.3600   0.1450   0.4430   0.9030   -0.1800   0.1280   0.1900   4.8930   0.2350
