2.0000   3243.4200   3440.3200   20.3794    1.2370   2.1000   4.1000   3.1000   7.1000   -3.5140   -4.7510   -4.8920   -6.0930   -0.1450   0.3500   0.1070
2.0000   3246.2600   3430.3900   10.0773    0.7430   2.3000   3.1000   4.3000   4.0000   -3.7430   -4.4860   -5.4500   -5.5410   -0.5310   0.1430   0.1240
2.0000   3233.7500   3443.6000   27.1869    0.5090   3.9000   4.5000   0.7000   5.4000   -4.3230   -4.8320   -3.8620   -5.5780   -0.2210   0.9200   0.0230
2.0000   3204.0200   3429.7200   44.9802   -0.2720   3.4000   1.9000   5.3000   3.6000   -4.0070   -3.7350   -5.4300   -5.2390   -0.0410   0.1450   0.0430
2.0000   3245.3700   3454.2300   33.8643   -0.4180   4.0000   2.0000   3.6000   4.5000   -4.3550   -3.9370   -5.0790   -5.4940   -0.0070   0.3240   0.1030
2.0000   3235.9900   3451.2400   33.0441    0.0500   3.3000   2.2000   2.3000   2.1000   -3.9820   -4.0320   -4.6450   -4.2500   0.0390   0.5860   0.1240
2.0000   3231.7000   3460.6900   43.4112    0.4780   3.2000   4.0000   1.8000   1.2000   -4.1580   -4.6360   -4.3610   -3.8770   -0.1550   0.7960   0.1840
2.0000   3237.5600   3465.6800   46.4076   -0.2200   3.8000   2.2000   3.2000   2.2000   -4.1490   -3.9290   -4.8980   -4.7280   -0.0480   0.1390   0.0710
2.0000   3217.0100   3419.4700   31.0451   -0.3860   3.1000   1.5000   2.2000   1.8000   -4.0310   -3.6450   -4.6780   -4.8410   -0.1410   0.6180   0.0760
2.0000   3211.6800   3426.7400   36.8955   -0.5730   4.1000   1.8000   -1.1000   2.3000   -4.2190   -3.6460   68.8910   -4.9550   -0.2640   0.2000   0.1070

Checking sharp +-3
2.0000   3248.9600   3420.0700   1.0045   1.2910   1.5000   4.1000   2.6000   -0.4000   -3.6180   -4.9090   -4.9460   68.8990   -0.5400   0.4380   0.0530   -0.7730   -0.6460   0.2050   9.9990   0.2730   0.4310   0.7810   -9.9990   0.4110   0.0450   0.0790   1.4360
2.0000   3241.4800   3437.8300   18.5568   -0.2040   3.9000   2.3000   0.4000   3.1000   -4.3370   -4.1330   -3.4550   -5.2120   0.0770   0.9170   0.1140   -0.1530   -0.2360   3.1500   0.5430   0.7260   0.6920   -0.0940   2.3600   0.0620   0.1760   0.0430   0.2180

# Object Xpix        Ypix        DisFromSN   Sub    S/N 435  S/N 555  S/N 625  S/N 814   AbsMag 435 AbsMag 555 AbsMag 625 AbsMag 814 Sharp Round Crowd      Sharp 435   555     625       814     Round 435   555     625     814     Crowd 435  555      625      814
2.0000   3215.6200   3445.6000   41.0178   -0.9450   5.1000   1.7000   2.5000   4.6000   -4.5820   -3.6370   -4.5260   -5.3160   -0.1270   0.2870   0.1420   0.0210   -0.7310   0.1180   -0.3270   0.1870  -0.1010   0.7200   0.5060   0.1060   0.0760   0.1590   0.1830
2.0000   3262.4900   3422.5100   14.5941   -0.9060   3.6000   1.2000   1.5000   2.8000   -4.5060   -3.6000   -4.4240   -5.2800   -0.5620   0.1890   0.3200  -0.3930   -2.6660   0.3500   -0.5290   0.1980   0.3670  -0.3430   0.2980   0.1780   0.5690   0.7150   0.4360
2.0000   3273.6200   3461.7300   48.5458   -0.8660   4.7000   1.8000   2.3000   6.3000   -4.7290   -3.8630   -4.6700   -6.0310   -0.1480   0.1920   0.1130  -0.3070    0.0290   0.3150   -0.2190   0.6220  -0.4400   0.5320  -0.4070   0.0680   0.1490   0.1300   0.1550
2.0000   3261.0300   3401.3100   23.1497   0.9470   1.9000   3.3000   -0.3000   1.5000   -3.8350   -4.7820   68.8910   -4.6130   -0.1990   0.5650   0.1620  -0.2620   -0.0650   0.0000   -0.9060   0.0310   0.6690   0.0000   1.6920   0.1950   0.0210   0.0000   0.6430
2.0000   3233.1400   3404.9200   21.5363   0.8910   2.1000   3.2000   2.6000   5.6000   -3.6230   -4.5140   -4.9620   -5.8530   -0.3260   0.2720   0.0490   -0.9900    0.0800  -0.6290   -0.1580   0.3070   0.4060   0.1960   0.1290   0.0340   0.0620   0.0600   0.0530
2.0000   3282.7500   3448.6600   44.7155   0.8050   2.1000   3.4000   0.9000   2.6000   -3.9080   -4.7130   -3.6200   -5.3420   -0.2780   0.1470   0.1050    0.2700   -0.3690  -1.5060   -0.4470   0.3440  -0.2000   0.0150   0.8160   0.1150   0.0400   0.2040   0.3300
2.0000   3250.5500   3393.0300   27.5556   0.7310   2.7000   3.4000   -0.6000   4.7000   -3.9880   -4.7190   68.8910   -5.6800   -0.2000   0.1770   0.0510  -0.1290    0.1390   0.0000   -0.4390   0.0840   0.2230   0.0000   0.2440   0.0560   0.0510   0.0000   0.0660
2.0000   3283.0300   3393.0400   44.4616   1.4170   1.0000   4.2000   4.2000   3.0000   -3.7770   -5.1940   -5.3990   -5.6090   -0.2700   0.4230   0.0400    0.1500   -0.6060  -0.4030   -0.4170   0.4900   0.5910   0.2350   0.2280   0.0050   0.0280   0.1330   0.1620
2.0000   3265.0500   3431.3500   20.1922   1.4600   0.8000   3.2000   2.2000   4.7000   -3.1920   -4.6520   -4.7970   -5.8630   -0.4220   0.3310   0.2010   -0.0300   -0.4670  -0.9850   -0.2180  -0.0420   0.3760   0.3440   0.5350   0.1290   0.2290   0.1910   0.2760
2.0000   3274.0400   3423.8900   26.2248   -1.2810   3.8000   0.8000   1.8000   3.2000   -4.5010   -3.2200   -4.4160   -5.3340   -0.0310   0.0620   0.0380   0.1880    0.3360   0.1150   -0.7610  -0.0440   0.2560   0.2380   0.0640   0.0300   0.0070   0.1910   0.0760
2.0000   3213.0600   3390.3400   46.1672   -1.1220   4.0000   1.0000   3.1000   1.0000   -4.2630   -3.1410   -4.7450   -3.5050   -0.1650   0.1890   0.2460   0.1220   -0.5170  -0.5130   -1.7170   0.4410  -0.1440  -0.1440   0.0520   0.0820   4.8930   0.0470   0.7160
##### 625 814 #####
Checking sharp +-3
2.0000   3281.6800   3410.1100   35.2004   2.3970   1.0000   -1.0000   0.9000   5.5000   -2.7430   68.8830   -3.6220   -6.0190   -0.2920   0.1050   0.0600   0.0740   -9.9990   -0.3370   -0.4020   0.2390   -1.1250   -0.3140   0.1430   0.0300   0.7550   4.9020   0.0610
2.0000   3267.4600   3405.5700   24.4789   2.0070   -0.4000   2.2000   2.0000   7.5000   68.8730   -4.2830   -4.3550   -6.3620   -0.0680   0.4630   0.1410   5.0650   0.4240   -0.5100   -0.2570   9.9990   -0.1080   0.0140   0.1890   0.6480   0.2220   5.1760   0.1110
2.0000   3243.6700   3394.4800   26.3556   2.5380   0.1000   2.2000   0.5000   4.9000   68.8730   -4.1810   -3.0480   -5.5860   -0.7620   0.2080   0.7270   -5.5880   -0.1300   -2.5880   -0.3000   -0.6550   0.0720   0.1270   0.5310   5.4820   0.2640   0.7530   0.1900
2.0000   3241.7300   3453.8200   33.9405   -0.1870   -0.3000   2.5000   3.6000   2.9000   68.8730   -4.1460   -5.1560   -4.9690   -0.4240   0.3150   0.1140   -4.9240   0.3730   -0.3020   -0.6970   0.5430   0.4870   0.3330   -0.1600   0.2320   0.0160   0.0740   0.2640

# Object Xpix        Ypix        DisFromSN   Sub    S/N 435  S/N 555  S/N 625  S/N 814   AbsMag 435 AbsMag 555 AbsMag 625 AbsMag 814 Sharp Round Crowd      Sharp 435   555     625       814     Round 435   555     625     814     Crowd 435  555      625      814
2.0000   3254.4200   3412.4400   10.2574   -0.6420   1.1000   1.9000   4.1000   2.3000   -3.2840   -4.4460   -5.6100   -4.9680   0.0640   0.1450   0.2340   0.1110    0.7790  -0.2930    0.0760  -0.4340   0.4060   0.2200   0.4420   0.1060   0.1540   0.2830   0.4600
2.0000   3267.4600   3405.5700   24.4789   2.0070   -0.4000   2.2000   2.0000   7.5000   68.8730   -4.2830   -4.3550   -6.3620   -0.0680   0.4630   0.1410  5.0650    0.4240  -0.5100   -0.2570   9.9990  -0.1080   0.0140   0.1890   0.6480   0.2220   5.1760   0.1110
2.0000   3243.6700   3394.4800   26.3556   2.5380   0.1000   2.2000   0.5000   4.9000   68.8730   -4.1810   -3.0480   -5.5860   -0.7620   0.2080   0.7270  -5.5880   -0.1300  -2.5880   -0.3000  -0.6550   0.0720   0.1270   0.5310   5.4820   0.2640   0.7530   0.1900
2.0000   3216.6000   3409.7300   33.2232   2.1630   1.0000   1.3000   1.7000   6.0000   -3.1050   -3.4080   -3.7620   -5.9250   -0.5090   0.1370   0.0860  -0.7310   -0.8940   0.4360   -0.5650   0.6120   0.1450  -0.0970  -0.0120   0.0430   0.1210   0.0300   0.1350
2.0000   3204.6200   3434.0700   45.4988   2.1770   0.4000   -0.1000   1.4000   5.3000   -1.4240   68.8830   -3.4560   -5.6330   -0.1300   0.5670   0.4260  0.8630   -4.7190  -0.5290   -0.0330   1.7060   1.7290   0.1790   0.1320   0.9010   0.7560   5.0770   0.1280
2.0000   3278.3900   3448.1900   41.1038   2.4290   -0.2000   0.6000   0.9000   4.4000   68.8730   -2.8220   -3.2660   -5.6950   -0.1920   0.5210   0.1770  4.8360   -2.1440   1.4620   -0.5910   5.1290   0.4320  -0.1390   0.3640   0.4840   0.4520   0.0960   0.1010
2.0000   3281.6800   3410.1100   35.2004   2.3970   1.0000   -1.0000   0.9000   5.5000   -2.7430   68.8830   -3.6220   -6.0190   -0.2920   0.1050   0.0600  0.0740   -9.9990  -0.3370   -0.4020   0.2390  -1.1250  -0.3140   0.1430   0.0300   0.7550   4.9020   0.0610

Check these +-3
2.0000   3219.7000   3441.7000   35.4086   0.0970   -1.1000   2.7000   3.6000   3.6000   68.8730   -4.2230   -5.0890   -5.1860   -0.1550   0.5870   0.0970   -4.2950   0.5470   -0.3200   0.0390   0.2480   0.9860   0.8680   -0.4380   0.1870   0.0190   0.1100   0.1910
2.0000   3226.1100   3410.3000   24.1729   1.8940   2.6000   -0.7000   0.5000   3.8000   -3.8320   68.8830   -3.5600   -5.4540   -0.1740   0.1180   0.0680   0.3620   -1.0310   -3.1120   -0.4720   0.5060   0.4940   0.2650   -0.5750   0.0590   0.0230   0.3200   0.1270
2.0000   3259.3900   3392.2200   30.4461   2.0140   2.0000   2.2000   0.6000   3.5000   -3.9760   -4.6590   -3.3950   -5.4090   -0.6000   0.1820   0.1540   -0.6120   -0.3350   -5.2880   -0.3080   0.3380   0.0300   0.1610   0.3360   0.1130   0.1030   0.4070   0.2590
2.0000   3242.4600   3424.2200   6.7216   0.9400   -0.4000   -0.4000   2.2000   5.5000   68.8730   68.8830   -4.7540   -5.6940   -0.1160   0.1230   0.0880   7.3390   0.5540   -0.4290   -0.6060   0.4520   0.2630   -0.0170   0.1470   0.1720   0.1250   0.1530   0.1040
2.0000   3260.8600   3388.9400   34.0379   0.0840   -0.8000   -0.1000   3.3000   3.3000   68.8730   68.8830   -5.4290   -5.5130   -0.3330   0.6230   0.1010   0.0000   -9.9990   0.4170   -0.4230   0.0000   0.0960   0.2340   1.2830   0.0000   0.3830   0.0460   0.1820
2.0000   3238.7700   3398.1700   24.1505   1.5480   -0.8000   -0.1000   1.5000   7.4000   68.8730   68.8830   -4.6380   -6.1860   -0.4790   0.0750   0.1020   -5.0380   -1.3910   0.0190   -0.3480   1.5160   0.0670   0.5000   -0.1440   0.5620   0.1460   0.0980   0.0940
2.0000   3269.5500   3457.0100   42.4007   1.3020   -0.9000   2.5000   2.5000   6.8000   68.8730   -4.5850   -4.8760   -6.1780   0.0250   0.7500   0.1030   9.9990   0.2540   0.2400   -0.0700   -0.1300   0.6230   1.5840   0.4260   1.3900   0.0240   0.1800   0.1110
2.0000   3285.9400   3393.1200   46.7393   2.5210   -0.1000   1.0000   0.9000   5.0000   68.8730   -3.5930   -3.6030   -6.1240   -0.2940   0.8360   0.6620   -9.9990   -0.5340   0.0760   0.0480   1.1440   1.9800   0.6210   0.3440   6.1160   0.3990   5.3390   0.1620
2.0000   3282.7900   3444.2500   42.1079   2.4920   -0.1000   0.8000   1.4000   7.9000   68.8730   -3.0800   -3.7900   -6.2820   -0.2240   0.5280   0.9890   -7.0380   -0.6560   0.3920   -0.1360   0.1010   0.2530   1.3220   0.3400   5.7860   1.1010   4.8380   0.3330

Dimpoints
2.0000   3291.5500   3422.0900   43.5411   1.4670   -0.9000   1.9000   1.7000   6.1000   68.8730   -4.2160   -4.8970   -6.3640   0.0790   0.6040   0.0340
2.0000   3284.5900   3444.6800   43.8412   1.4620   0.8000   0.2000   1.1000   5.3000   -3.0180   -1.7010   -4.4690   -5.9310   -0.3070   0.4120   1.0930
2.0000   3247.7400   3371.5200   48.9519   1.9770   1.6000   1.5000   1.8000   6.9000   -3.5410   -3.7820   -4.1000   -6.0770   -0.0750   0.5000   0.1930
2.0000   3241.8900   3391.2400   29.8707   1.4460   -0.3000   2.6000   0.8000   5.3000   68.8730   -4.3680   -4.2830   -5.7290   -0.4060   0.0920   0.7500
2.0000   3251.3600   3405.7100   15.1300   1.3700   1.3000   0.4000   1.6000   3.2000   -3.1210   -2.3250   -4.2150   -5.5850   -0.3410   0.7600   0.1400
2.0000   3284.3600   3424.9200   36.5925  -0.6440   -0.2000   1.6000   3.2000   2.3000   68.8730   -4.0610   -5.3710   -4.7270   -0.5760   0.4270   0.2540
2.0000   3231.7400   3397.2000   28.4112  -0.1940   0.8000   0.2000   3.9000   3.7000   -2.4080   -1.1390   -5.4110   -5.2170   -0.7540   0.2060   0.1550
2.0000   3207.5300   3432.5900   42.2830   0.1810   1.3000   -0.3000   3.7000   2.6000   -3.1360   68.8830   -4.7950   -4.9760   -0.0510   0.6270   0.2430
2.0000   3257.3700   3466.3500   46.8183   1.2400   -1.8000   0.1000   1.9000   6.3000   68.8730   0.7790   -4.5250   -5.7650   -0.2810   0.4530   0.1810
2.0000   3269.0400   3440.4500   28.9862   1.0400   1.2000   0.7000   2.0000   3.6000   -3.2230   -3.0080   -4.5740   -5.6140   -0.5750   0.3180   0.1880
2.0000   3252.7000   3429.5200   10.1789   1.2330   1.4000   1.5000   1.7000   4.4000   -3.4440   -3.7950   -4.4070   -5.6400   -0.0710   0.7690   0.1760
2.0000   3235.0100   3395.1700   28.4587   0.7600   0.2000   0.9000   2.1000   3.2000   -1.7760   -3.1010   -4.4760   -5.2360   -0.1150   0.5860   0.1970
2.0000   3238.4800   3388.3100   33.5515   1.1060   2.2000   2.8000   2.3000   4.2000   -3.7180   -4.4210   -4.5600   -5.6660   -0.4900   0.4050   0.1590
2.0000   3222.7400   3396.3800   34.9344   0.9540   0.6000   1.3000   1.7000   3.8000   -2.2710   -3.4190   -4.4560   -5.4100   -0.6710   0.5480   0.1270
2.0000   3268.0800   3451.5800   37.0056  -0.0820   -0.9000   2.3000   3.5000   3.1000   68.8730   -4.2400   -5.3710   -5.2890   0.0100   0.5610   0.1280
2.0000   3204.0200   3429.7200   44.9802  -0.1910   3.4000   1.9000   5.3000   3.6000   -4.0070   -3.7350   -5.4300   -5.2390   -0.0410   0.1450   0.0430
2.0000   3217.0200   3444.0500   38.9634   0.7480   1.9000   0.1000   2.3000   3.3000   -3.4800   0.0880   -4.1880   -4.9360   -0.1790   0.0840   0.4430
2.0000   3246.0100   3457.8600   37.4440  -0.4560   2.3000   0.2000   4.4000   3.2000   -3.7200   -0.8690   -5.3710   -4.9150   -0.0950   0.2600   0.1290
2.0000   3265.2900   3401.7800   25.4352  -0.0290   2.1000   0.5000   3.1000   2.5000   -3.7560   -2.6750   -5.2320   -5.2030   -0.1160   0.1220   0.1620
2.0000   3207.5900   3426.9200   40.9599   0.4250   2.6000   1.0000   3.2000   3.0000   -3.7730   -3.1730   -4.6800   -5.1050   -0.3390   0.2170   0.1110
2.0000   3256.7700   3428.3100   11.7337   0.2340   1.3000   0.3000   3.2000   3.7000   -3.4810   -2.3240   -5.2070   -5.4410   -0.3830   0.7050   0.0680
2.0000   3213.0600   3390.3400   46.1672  -1.2400   4.0000   1.0000   3.1000   1.0000   -4.2630   -3.1410   -4.7450   -3.5050   -0.1650   0.1890   0.2460
2.0000   3237.5600   3465.6800   46.4076  -0.1700   3.8000   2.2000   3.2000   2.2000   -4.1490   -3.9290   -4.8980   -4.7280   -0.0480   0.1390   0.0710
2.0000   3223.0500   3410.2200   27.0099   0.7800   0.9000   -2.2000   2.3000   4.5000   -2.8970   68.8830   -4.6150   -5.3950   -0.3310   0.1890   0.2490
