# Object Xpix        Ypix        DisfromSN   Sub    S/N 435   S/N 555   S/N 625   S/N 814   AbsMag 435 AbsMag 555 AbsMag 625 AbsMag 814 Sharp Round Crowd
1.0000   3281.0200   3379.9700   52.2310   0.5610   21.7000   24.4000   39.0000   48.3000   -6.5510   -7.1120   -8.1890   -8.5320   -0.0180   0.0700   0.0350
1.0000   3350.6300   3446.9500   105.9531   0.6670   3.0000   3.7000   9.4000   27.4000   -4.3820   -5.0490   -6.6530   -7.9670   -0.3750   0.3300   0.1880
1.0000   3185.5600   3515.7800   113.9624   0.3450   29.4000   29.0000   38.0000   44.4000   -6.4080   -6.7530   -7.5930   -7.8120   -0.1250   0.0070   0.0080
1.0000   3430.4200   3399.7200   183.5577   2.7570   1.1000   8.3000   -0.2000   3.3000   -3.3460   -6.1030   68.8910   -5.6540   -0.0110   0.2360   0.0110
1.0000   3388.1000   3336.3100   163.4018   0.0120   6.9000   5.4000   11.1000   10.2000   -5.4910   -5.5030   -6.9050   -6.9530   -0.0990   0.5010   0.0260
1.0000   3348.7300   3447.1300   104.1604   1.5830   1.4000   3.2000   7.5000   6.9000   -3.2630   -4.8460   -6.4130   -6.1560   -0.2100   0.1840   0.7080
1.0000   3394.8300   3472.0000   155.5726   0.9420   2.2000   3.5000   7.2000   8.4000   -3.7730   -4.7150   -6.0080   -6.3760   -0.2910   0.3950   0.0690
2.0000   3293.4900   3354.2100   80.3512   2.7280   0.5000   3.2000   2.5000   8.9000   -1.9760   -4.7040   -4.9060   -6.5390   -0.2360   0.6370   0.2350
1.0000   3255.1200   3490.4000   70.2866   2.1950   0.7000   3.0000   3.0000   5.2000   -2.4090   -4.6040   -4.9480   -5.5070   -0.1970   0.1560   0.1070
2.0000   3339.6400   3443.6500   94.4881   0.8970   2.0000   3.5000   1.9000   7.9000   -4.0700   -4.9670   -4.8740   -6.5070   -0.4380   0.6760   0.0340
1.0000   3251.6900   3468.9000   48.5664   1.0310   1.9000   3.2000   0.1000   3.5000   -3.4130   -4.4440   68.8910   -5.8940   -0.2850   0.4150   0.0450
1.0000   3267.8400   3418.5500   19.8940   0.8260   2.5000   3.5000   4.0000   10.0000   -3.9500   -4.7760   -5.4620   -6.6500   -0.2630   0.2420   0.0440
1.0000   3173.2200   3521.5800   125.7812   1.4620   1.3000   3.4000   1.7000   8.0000   -2.6630   -4.1250   -3.9470   -5.7280   0.0460   0.2230   0.1400
2.0000   3345.9600   3448.7000   101.9088   2.1130   0.5000   3.7000   1.4000   7.0000   -2.8560   -4.9690   -4.3880   -6.2950   -0.1880   0.4510   0.5350
2.0000   3358.6100   3475.3600   123.4453   2.0110   1.1000   4.1000   3.7000   5.8000   -2.8570   -4.8680   -5.3440   -5.7150   -0.2530   0.1740   0.1090
1.0000   3241.3500   3487.8400   67.7003   2.4860   0.4000   3.1000   4.2000   10.4000   -1.7530   -4.2390   -5.1980   -6.2840   0.0120   0.5020   0.1490
2.0000   3301.4500   3397.2400   58.2444   -0.7420   4.1000   1.4000   2.1000   7.0000   -4.7900   -4.0480   -5.1500   -6.3490   -0.1860   0.3410   0.0450
1.0000   3206.2600   3444.5400   48.2162   0.9070   2.7000   4.2000   4.5000   11.7000   -3.6910   -4.5980   -5.3480   -6.3900   -0.1220   0.1520   0.0330
1.0000   3237.5800   3408.4200   15.9567   0.7960   2.0000   3.3000   3.5000   8.8000   -3.7610   -4.5570   -5.0870   -6.4100   -0.4030   0.2560   0.0480
2.0000   3311.3500   3400.1500   66.4923   1.6060   1.3000   4.8000   5.1000   0.7000   -3.7900   -5.3960   -6.0430   -3.3910   0.0220   0.5390   0.1950
2.0000   3327.0500   3370.7300   93.3644   0.7700   2.5000   3.1000   -0.5000   3.5000   -4.2920   -5.0620   68.8910   -6.1120   -0.2300   0.4820   0.0220
2.0000   3256.7900   3400.6700   21.6485   2.9520   0.3000   4.2000   4.0000   6.6000   -2.0230   -4.9750   -5.4270   -6.1030   -0.0340   0.4890   0.2250
1.0000   3224.2900   3371.6100   54.3269   2.7330   0.6000   3.8000   5.0000   9.1000   -1.8300   -4.5630   -5.5600   -6.3020   -0.3760   0.2890   0.0320
2.0000   3267.9000   3409.1900   22.8412   0.9220   2.1000   3.0000   3.6000   7.5000   -3.7040   -4.6260   -5.5040   -6.3930   0.0910   0.0980   0.1290
2.0000   3378.9500   3312.7800   169.5141   2.7740   0.6000   3.5000   1.1000   6.4000   -2.0690   -4.8430   -4.1270   -6.2210   -0.3060   0.8890   0.1490
1.0000   3292.9500   3258.8900   167.7063   -0.1550   3.2000   2.2000   3.4000   11.3000   -3.9780   -3.8230   -4.8010   -6.2350   -0.5330   0.1610   0.0210
2.0000   3382.8100   3460.6200   140.6242   2.4370   0.4000   3.9000   1.4000   5.6000   -2.5420   -4.9790   -4.9740   -6.0400   -0.0180   0.3890   0.2440
2.0000   3328.4000   3472.1000   95.5167   0.1130   3.4000   2.6000   2.0000   6.0000   -4.2900   -4.4030   -4.9160   -6.6580   -0.2820   0.2020   0.0180
2.0000   3359.9200   3458.2600   118.0905   -0.7140   3.0000   0.9000   2.2000   3.4000   -4.4720   -3.7580   -4.9690   -5.4890   -0.1170   0.9510   0.0820
2.0000   3258.3600   3417.8500   10.6486   1.4840   1.3000   3.8000   4.0000   6.5000   -3.4210   -4.9050   -5.4040   -6.1080   0.0140   0.2870   0.1340
2.0000   3253.0500   3401.0600   20.0474   3.0070   0.7000   4.6000   0.9000   5.4000   -1.9860   -4.9930   -3.6050   -5.8470   0.0120   0.1840   0.1640
2.0000   3380.0800   3442.1700   133.8121   1.1190   2.2000   4.6000   1.2000   5.7000   -4.1480   -5.2670   -4.5840   -6.2120   -0.2440   0.4680   0.0400
2.0000   3283.8700   3464.0300   56.4025   1.9780   0.8000   3.4000   0.3000   8.5000   -2.6380   -4.6160   0.3830   -6.2330   -0.1410   0.4090   0.0580
2.0000   3301.4700   3417.5200   53.5124   -1.0740   3.2000   1.0000   4.0000   1.1000   -4.4780   -3.4040   -6.0110   -4.6720   -0.2250   0.4550   0.0360
2.0000   3386.1400   3330.9200   164.5943   0.7350   3.5000   4.8000   4.5000   4.9000   -4.6120   -5.3470   -5.8510   -6.0710   0.0370   1.2650   0.0380
2.0000   3184.9300   3375.9500   77.2325   2.5920   0.8000   4.9000   0.6000   2.2000   -2.2430   -4.8350   -3.0470   -4.2780   -0.6010   0.2070   0.1050
1.0000   3297.2800   3285.4100   143.7573   -0.2550   5.3000   3.0000   5.6000   4.7000   -4.5440   -4.2890   -5.5540   -5.4230   0.0400   0.1040   0.1120
2.0000   3243.4200   3440.3200   20.3794   1.2370   2.1000   4.1000   3.1000   7.1000   -3.5140   -4.7510   -4.8920   -6.0930   -0.1450   0.3500   0.1070
2.0000   3261.0300   3401.3100   23.1497   0.9470   1.9000   3.3000   -0.3000   1.5000   -3.8350   -4.7820   68.8910   -4.6130   -0.1990   0.5650   0.1620
2.0000   3406.1000   3328.3700   182.9368   0.6310   2.7000   3.6000   1.4000   4.8000   -4.3730   -5.0040   -4.0460   -5.8700   -0.3650   0.5170   0.0560
2.0000   3262.8400   3430.3200   17.7784   0.8300   1.6000   3.0000   2.2000   6.4000   -3.7560   -4.5860   -4.8790   -6.1330   -0.0460   0.3560   0.1560
2.0000   3402.7700   3490.2700   169.7456   -1.1310   3.0000   0.9000   4.2000   6.8000   -4.1580   -3.0270   -5.1550   -6.0220   -0.1570   0.6610   0.2050
2.0000   3266.8400   3480.8300   63.2194   2.0560   0.9000   4.3000   1.1000   5.3000   -2.6600   -4.7160   -4.0930   -5.4780   -0.0780   0.6660   0.0980
1.0000   3168.5300   3403.4100   81.3189   1.6750   1.3000   4.9000   4.9000   4.6000   -3.0220   -4.6970   -5.1800   -5.9670   -0.0070   0.2430   0.0450
2.0000   3392.5800   3498.0000   164.0209   0.7580   2.3000   3.7000   2.9000   8.0000   -3.7980   -4.5560   -4.8070   -6.1310   -0.0180   0.2970   0.0480
1.0000   3280.3800   3572.9500   155.8711   0.7570   2.1000   4.0000   4.1000   11.3000   -3.5170   -4.2740   -4.8630   -6.1260   -0.2510   0.3060   0.7480
2.0000   3350.5900   3333.0500   134.7558   -1.7770   4.6000   0.5000   0.7000   2.2000   -4.7690   -2.9920   -3.0890   -5.2120   -0.3310   0.9300   0.0810
2.0000   3429.3600   3485.0800   192.4880   -0.4120   4.1000   2.5000   4.9000   6.4000   -4.5470   -4.1350   -5.3510   -5.9060   0.1630   0.4400   0.0250
2.0000   3437.5400   3457.5300   193.0906   1.1130   2.1000   4.3000   5.0000   6.8000   -3.7800   -4.8930   -5.6220   -6.0390   -0.4450   0.5990   0.0350
2.0000   3402.2900   3487.8800   168.3370   1.0110   1.5000   3.0000   4.3000   6.5000   -3.4220   -4.4330   -5.3870   -5.9830   -0.3130   0.4770   0.2090
2.0000   3321.1900   3329.1300   117.0224   0.3160   4.0000   3.5000   1.4000   6.2000   -4.5800   -4.8960   -4.3620   -6.1440   -0.2020   0.5610   0.0190
1.0000   3222.0700   3474.3100   59.7748   1.4190   1.8000   4.5000   5.4000   7.2000   -3.2560   -4.6750   -5.5280   -5.9200   -0.3960   0.1680   0.0390
2.0000   3286.0500   3357.8000   73.2973   2.8840   0.3000   3.3000   4.0000   2.9000   -1.8270   -4.7110   -5.4560   -5.5100   -0.3860   0.6080   0.1370
1.0000   3256.8100   3223.6000   197.0663   1.4530   1.6000   3.6000   2.6000   10.5000   -2.6830   -4.1360   -4.3610   -5.9640   -0.2990   0.2060   0.0490
2.0000   3281.0100   3377.7300   53.9804   1.1690   2.2000   4.6000   2.6000   4.5000   -3.9980   -5.1670   -5.2740   -5.8420   -0.1160   0.1780   1.1820
1.0000   3255.5300   3255.5300   165.1110   2.1380   1.1000   4.4000   3.6000   9.3000   -2.3400   -4.4780   -4.7240   -5.9920   -0.0780   0.3390   0.0130
2.0000   3233.8500   3295.4900   125.7839   1.3460   1.2000   3.5000   3.0000   5.1000   -3.3660   -4.7120   -5.4070   -6.1060   -0.1090   0.1370   0.1090
2.0000   3283.0300   3393.0400   44.4616   1.4170   1.0000   4.2000   4.2000   3.0000   -3.7770   -5.1940   -5.3990   -5.6090   -0.2700   0.4230   0.0400
2.0000   3318.2300   3479.8400   91.9318   1.7440   1.1000   3.0000   1.5000   5.8000   -2.6940   -4.4380   -4.1860   -5.8680   -0.2200   0.6800   0.0250
2.0000   3342.6800   3334.4900   127.8658   -2.5360   3.3000   0.2000   2.0000   4.4000   -4.6480   -2.1120   -4.4660   -5.8390   -0.2560   0.7520   0.0170
2.0000   3273.6200   3461.7300   48.5458   -0.8660   4.7000   1.8000   2.3000   6.3000   -4.7290   -3.8630   -4.6700   -6.0310   -0.1480   0.1920   0.1130
2.0000   3337.1500   3294.8000   154.0583   1.0430   1.5000   3.3000   2.3000   5.7000   -3.5320   -4.5750   -4.6560   -5.7270   -0.4650   0.8640   0.0870
2.0000   3354.3100   3459.6400   113.2596   0.6240   2.7000   3.2000   2.4000   4.0000   -4.1760   -4.8000   -4.6440   -5.7410   -0.0830   0.1260   0.1470
2.0000   3248.5800   3329.9400   90.5326   1.0430   1.8000   3.5000   3.9000   7.4000   -3.4850   -4.5280   -5.2000   -5.9720   -0.4110   0.2570   0.0580
2.0000   3415.4700   3434.5300   168.0202   1.4130   1.5000   3.6000   1.6000   3.0000   -3.5690   -4.9820   -4.9630   -5.5050   0.1030   0.9090   0.0330
2.0000   3382.1200   3486.7200   149.5548   1.2860   1.4000   3.7000   3.4000   3.6000   -3.3660   -4.6520   -4.8470   -5.5530   -0.6470   0.3050   0.1450
2.0000   3375.6500   3505.8200   153.5220   1.5850   1.3000   3.4000   2.2000   6.4000   -2.9760   -4.5610   -5.2400   -5.8080   -0.4590   0.3220   0.0450
2.0000   3192.2700   3448.0400   62.2112   1.1570   1.8000   4.4000   3.7000   5.6000   -3.5180   -4.6750   -5.1350   -5.6520   -0.0340   0.1280   0.1270
2.0000   3265.0500   3431.3500   20.1922   1.4600   0.8000   3.2000   2.2000   4.7000   -3.1920   -4.6520   -4.7970   -5.8630   -0.4220   0.3310   0.2010
2.0000   3431.9500   3477.8200   192.6452   1.5160   1.1000   3.3000   4.3000   4.9000   -3.0260   -4.5420   -5.4080   -5.5090   -0.2130   0.5370   0.0330
2.0000   3198.7400   3468.6000   68.8970   1.7830   1.7000   4.8000   1.9000   5.8000   -2.9320   -4.7150   -4.0030   -5.7230   -0.1440   0.1990   0.1070
2.0000   3380.0100   3464.3300   139.0682   0.8690   2.2000   3.1000   2.9000   4.5000   -3.7790   -4.6480   -5.1540   -5.7720   -0.2020   1.0860   0.0710
2.0000   3345.5500   3461.7600   105.8923   1.8420   0.9000   3.8000   1.7000   3.9000   -3.0720   -4.9140   -4.3890   -5.7480   -0.7640   0.9220   0.1020
2.0000   3367.8900   3449.2900   123.2672   -1.8120   4.2000   0.5000   1.1000   3.4000   -4.6160   -2.8040   -4.2760   -5.7350   -0.2060   1.0400   0.0270
2.0000   3310.9500   3285.6800   148.7495   3.6580   0.2000   3.7000   3.6000   3.6000   -0.9340   -4.5920   -5.0990   -5.3910   0.1380   0.4280   0.3700
2.0000   3248.1800   3283.1000   137.3711   3.3120   0.7000   3.1000   3.2000   8.6000   -0.8700   -4.1820   -4.8460   -5.9460   -0.2950   0.4120   0.0240
2.0000   3262.0700   3299.5600   121.7224   -0.3510   3.7000   1.7000   2.9000   7.7000   -4.0760   -3.7250   -4.8400   -5.9580   -0.4370   0.1650   0.0540
2.0000   3304.7500   3272.2800   158.6717   1.5010   1.4000   3.0000   4.5000   6.0000   -2.7900   -4.2910   -5.1810   -5.5710   -0.4040   0.1050   0.0440
2.0000   3432.9600   3447.5900   186.8989   -0.9420   3.7000   1.2000   1.8000   3.0000   -4.6060   -3.6640   -3.9990   -5.5430   -0.3310   0.7410   0.0440
2.0000   3206.7000   3438.3600   45.0436   0.5300   3.0000   3.3000   3.5000   7.6000   -3.8380   -4.3680   -5.0420   -5.9790   -0.2040   0.3620   0.1730
1.0000   3078.6300   3448.4200   171.6990   2.2260   0.5000   3.3000   4.1000   8.2000   -1.8260   -4.0520   -4.8520   -5.7700   -0.0860   0.1770   0.1270
2.0000   3254.9800   3494.1100   73.9654   0.5270   2.7000   3.5000   3.2000   6.4000   -3.8880   -4.4150   -4.9420   -5.8290   -0.0440   0.3080   0.1630
2.0000   3140.3500   3393.3100   111.0614   2.4600   0.2000   3.9000   1.9000   8.3000   -1.8910   -4.3510   -4.1690   -5.9230   0.1000   0.0930   0.1040
2.0000   3350.3400   3512.0900   137.3300   1.3610   1.6000   3.7000   4.3000   5.1000   -3.1420   -4.5030   -5.1690   -5.3710   -0.2060   0.2790   0.2940
2.0000   3350.9800   3528.5500   149.2579   1.3570   1.3000   3.0000   3.2000   5.6000   -2.8710   -4.2280   -5.2080   -5.5730   -0.2130   0.4960   0.0360
1.0000   3198.8800   3298.3900   131.6069   0.9580   2.8000   5.2000   4.9000   7.6000   -3.7510   -4.7090   -5.1390   -5.7710   -0.2180   0.5850   0.1170
2.0000   3290.7600   3281.0400   145.8290   2.1210   0.6000   3.6000   1.9000   -0.3000   -2.7420   -4.8630   -4.9760   68.8990   -0.2710   0.7300   0.1740
1.0000   3250.3500   3241.8000   178.6859   0.5260   2.9000   3.5000   3.1000   9.3000   -3.6500   -4.1760   -4.5810   -5.8970   -0.6430   0.3590   0.0380
2.0000   3355.9800   3271.7100   183.7963   0.5480   3.0000   3.7000   4.1000   6.0000   -4.0160   -4.5640   -5.3210   -5.7980   -0.4750   0.6890   0.0560
2.0000   3422.3700   3423.8400   174.3636   0.1980   4.6000   3.8000   4.1000   0.3000   -4.9050   -5.1030   -5.9250   -3.6800   0.0740   0.3990   0.0460
1.0000   3108.9500   3451.5000   142.5081   0.9410   2.1000   3.9000   4.0000   9.2000   -3.3280   -4.2690   -4.8490   -5.8660   -0.6180   0.1090   0.0620
2.0000   3286.6000   3529.6100   115.7509   1.2580   1.6000   3.9000   4.0000   6.7000   -3.1850   -4.4430   -4.9470   -5.6240   -0.0050   0.1330   0.1470
2.0000   3363.2600   3276.4200   184.4629   -0.9070   3.2000   1.0000   5.4000   4.5000   -4.0750   -3.1680   -5.6530   -5.6390   -0.4740   0.3970   0.1370
1.0000   3104.9900   3369.9700   151.7016   -0.1700   3.5000   2.3000   3.4000   8.5000   -3.8710   -3.7010   -4.4190   -5.8710   0.1430   0.2810   0.1020
2.0000   3321.4100   3360.6100   94.6924   1.2080   1.3000   3.3000   1.4000   3.0000   -3.7710   -4.9790   -4.6910   -5.6790   -0.3450   0.8250   0.0800
2.0000   3274.1700   3457.2400   45.1086   -0.6030   3.4000   1.5000   2.4000   5.2000   -4.3850   -3.7820   -4.5640   -5.7240   0.0950   1.0730   0.2180
1.0000   3094.1300   3421.7300   153.9141   5.1670   0.4000   3.8000   4.4000   8.9000   0.9370   -4.2300   -4.9410   -5.9100   -0.1050   0.1560   0.0610
1.0000   3240.6300   3265.4000   155.2479   -0.4100   4.0000   2.0000   3.7000   8.1000   -4.0360   -3.6260   -4.8250   -5.7760   0.0150   0.1110   0.0620
2.0000   3351.8400   3465.9500   113.3269   1.8260   0.7000   3.4000   3.1000   3.2000   -2.9530   -4.7790   -5.2960   -5.1170   -0.1280   0.6600   0.0260
1.0000   3141.8500   3565.8900   180.0633   0.2440   6.2000   5.7000   7.7000   8.1000   -4.3540   -4.5980   -5.4120   -5.6730   -0.0950   0.0820   0.0870
2.0000   3297.2200   3305.9000   124.6807   1.3150   2.1000   4.3000   1.6000   5.1000   -3.5970   -4.9120   -4.3640   -5.7300   0.0350   0.6710   0.1260
1.0000   3094.9900   3373.7000   160.0360   0.2570   3.6000   3.0000   4.0000   9.1000   -3.7110   -3.9680   -4.7440   -5.8650   -0.1310   0.3730   0.0460
2.0000   3224.8200   3478.2400   62.2606   1.1020   1.4000   3.1000   3.9000   6.5000   -3.1730   -4.2750   -5.0620   -5.7640   -0.3210   0.1520   0.1460
2.0000   3132.5700   3342.1700   139.5139   2.4680   0.5000   3.8000   4.3000   6.4000   -1.7670   -4.2350   -4.9180   -5.3990   -0.4020   0.2020   0.0400
2.0000   3168.8300   3415.1000   79.3909   0.9060   2.6000   3.4000   4.5000   6.6000   -3.3980   -4.3040   -5.1030   -5.7270   -0.0550   0.0530   0.0840
1.0000   3256.3900   3534.0800   113.9155   0.3820   3.0000   2.2000   4.9000   5.6000   -3.7730   -4.1550   -5.2810   -5.6150   -0.1050   0.1840   0.0820
2.0000   3401.7300   3323.5400   181.7045   1.5060   1.4000   3.2000   2.0000   1.4000   -3.2430   -4.7490   -5.1450   -4.8780   -0.2530   1.2960   0.2300
1.0000   3274.0900   3557.0700   139.0609   0.3700   3.2000   2.9000   3.6000   8.2000   -3.6310   -4.0010   -4.8820   -5.7170   -0.5040   0.2280   0.0840
2.0000   3175.4600   3386.3800   80.1867   -0.5210   3.8000   2.2000   0.1000   5.2000   -4.3670   -3.8460   -2.7210   -5.5200   0.0980   0.1650   0.0580
1.0000   3183.1100   3282.8000   152.2139   0.6000   3.7000   5.1000   3.7000   7.2000   -3.9970   -4.5970   -4.6930   -5.6310   0.0820   0.2200   0.0380
2.0000   3246.2600   3430.3900   10.0773   0.7430   2.3000   3.1000   4.3000   4.0000   -3.7430   -4.4860   -5.4500   -5.5410   -0.5310   0.1430   0.1240
2.0000   3233.1400   3404.9200   21.5363   0.8910   2.1000   3.2000   2.6000   5.6000   -3.6230   -4.5140   -4.9620   -5.8530   -0.3260   0.2720   0.0490
2.0000   3262.4900   3422.5100   14.5941   -0.9060   3.6000   1.2000   1.5000   2.8000   -4.5060   -3.6000   -4.4240   -5.2800   -0.5620   0.1890   0.3200
2.0000   3354.6500   3451.5700   111.0543   0.3760   3.1000   3.0000   -0.1000   3.5000   -4.4210   -4.7970   68.8910   -5.3710   -0.0930   0.2890   0.1820
2.0000   3185.2700   3321.2000   117.4508   -0.0290   3.7000   2.4000   2.9000   7.9000   -3.8910   -3.8620   -4.4030   -5.8920   -0.0910   0.4840   0.1180
2.0000   3233.7500   3443.6000   27.1869   0.5090   3.9000   4.5000   0.7000   5.4000   -4.3230   -4.8320   -3.8620   -5.5780   -0.2210   0.9200   0.0230
2.0000   3168.6800   3386.7600   86.2223   -0.5550   4.0000   1.5000   2.1000   7.5000   -3.9390   -3.3840   -4.1670   -5.7730   -0.4550   0.2440   0.0820
2.0000   3437.6200   3394.2900   191.3803   0.0100   3.0000   1.9000   1.3000   2.6000   -4.3520   -4.3620   -3.9620   -5.2780   -0.0270   0.5110   0.2340
2.0000   3257.7500   3341.4600   79.6055   -1.9170   3.3000   0.4000   3.9000   4.6000   -4.2940   -2.3770   -5.4380   -5.6140   -0.0060   0.7870   0.1230
2.0000   3275.0700   3298.8000   124.6375   -0.8720   3.3000   1.1000   4.5000   5.3000   -4.1380   -3.2660   -5.4140   -5.4710   -0.1230   0.1460   0.1080
2.0000   3422.2300   3514.0300   197.7266   1.7080   0.8000   3.7000   3.6000   4.2000   -2.7300   -4.4380   -4.9380   -4.9270   -0.2740   0.8770   0.0570
2.0000   3323.4000   3446.9000   79.8610   0.5380   2.7000   3.0000   4.4000   0.9000   -4.2440   -4.7820   -5.6460   -4.3510   -0.0150   0.4160   0.0930
2.0000   3366.2100   3453.5600   122.7162   -0.4540   3.0000   1.3000   0.1000   3.2000   -4.2750   -3.8210   68.8910   -5.1440   -0.2860   0.9430   0.0710
2.0000   3385.3900   3504.4100   160.9691   0.3350   2.9000   3.1000   1.3000   5.9000   -4.0410   -4.3760   -4.0940   -5.6420   0.0720   0.2850   0.0560
2.0000   3103.8800   3342.3600   163.9608   2.8830   0.5000   4.2000   2.9000   7.2000   -1.4730   -4.3560   -4.4520   -5.5930   -0.0880   0.2050   0.3290
2.0000   3366.2700   3466.1400   126.7447   4.6610   0.2000   4.7000   2.5000   3.2000   -0.5010   -5.1620   -4.8760   -5.3460   -0.0350   0.4470   0.0320
2.0000   3412.0100   3484.1800   175.9128   1.8540   1.1000   4.3000   0.1000   4.4000   -2.9680   -4.8220   68.8910   -5.4860   -0.5200   0.2650   0.0590
2.0000   3289.8100   3473.0800   67.1753   -0.0410   4.6000   3.0000   4.0000   4.1000   -4.5220   -4.4810   -5.3030   -5.3150   0.0630   0.3550   0.0390
1.0000   3320.9800   3593.7100   187.9685   0.9770   2.4000   4.0000   3.6000   8.6000   -3.2950   -4.2720   -4.6340   -5.7080   -0.2250   0.5020   0.0810
1.0000   3080.0200   3513.8400   192.2190   -0.0520   3.2000   2.1000   2.4000   9.2000   -3.5530   -3.5010   -4.4100   -5.8130   -0.3350   0.2730   0.1730
2.0000   3250.5500   3393.0300   27.5556   0.7310   2.7000   3.4000   -0.6000   4.7000   -3.9880   -4.7190   68.8910   -5.6800   -0.2000   0.1770   0.0510
2.0000   3318.6200   3533.4500   133.2139   0.7950   2.4000   4.4000   1.2000   6.3000   -3.7960   -4.5910   -3.6610   -5.6740   -0.2030   0.3370   0.1300
1.0000   3204.1800   3367.0200   69.1420   0.2240   4.6000   4.5000   3.1000   6.3000   -4.4710   -4.6950   -4.6050   -5.8270   -0.1140   0.1280   0.1170
2.0000   3397.8000   3503.4700   171.2226   1.6220   0.8000   3.0000   2.9000   3.4000   -2.6980   -4.3200   -4.5340   -5.2570   0.1590   0.7290   0.1550
2.0000   3333.4000   3301.0400   146.8001   1.0900   1.8000   3.7000   3.7000   3.6000   -3.6120   -4.7020   -5.1280   -5.4550   -0.5580   1.0520   0.0530
2.0000   3334.5600   3535.6700   144.0718   3.6840   0.1000   3.1000   1.9000   5.4000   -0.5110   -4.1950   -4.4720   -5.5060   -0.4180   0.2040   0.0730
2.0000   3312.9400   3276.5500   157.8778   0.8880   1.5000   3.0000   2.0000   5.6000   -3.3890   -4.2770   -4.0720   -5.6690   -0.0100   0.2600   0.2080
2.0000   3372.8200   3509.8600   153.4949   0.6650   2.6000   3.7000   2.9000   5.7000   -3.8860   -4.5510   -4.8550   -5.6930   -0.1600   0.6490   0.0800
2.0000   3322.8300   3509.8400   116.5355   1.8820   0.6000   3.2000   1.7000   5.3000   -2.4830   -4.3650   -3.9160   -5.6380   -0.2980   0.3230   0.1610
2.0000   3104.1600   3340.0700   164.8196   1.1310   1.6000   3.3000   5.5000   6.5000   -2.9290   -4.0600   -5.2050   -5.3460   -0.0900   0.3290   0.2410
2.0000   3210.2100   3481.3700   71.6919   2.9250   0.2000   4.5000   3.8000   5.1000   -1.7310   -4.6560   -4.8250   -5.4890   0.1460   0.3690   0.0540
2.0000   3346.9600   3494.1500   123.3449   0.9080   2.3000   3.9000   2.6000   4.5000   -3.7830   -4.6910   -5.4600   -5.6060   -0.4910   0.4820   0.0460
2.0000   3287.1400   3569.4600   154.0344   0.8310   2.3000   3.4000   2.9000   5.2000   -3.3250   -4.1560   -4.5220   -5.2560   -0.0800   0.6080   0.0750
1.0000   3169.8800   3501.9100   112.8767   0.2550   7.1000   6.5000   3.1000   5.6000   -4.6530   -4.9080   -4.6910   -5.2950   0.1240   0.2380   0.0480
2.0000   3240.9600   3482.6700   62.6005   0.6230   2.5000   3.2000   3.5000   5.8000   -3.7370   -4.3600   -5.1190   -5.6780   -0.3340   0.3410   0.1100
2.0000   3245.9700   3543.0000   122.5465   3.7880   0.3000   3.7000   3.1000   7.1000   -0.4620   -4.2500   -4.5980   -5.6980   -0.3170   0.0110   0.0470
2.0000   3227.4100   3498.9100   81.1063   1.8730   0.9000   3.1000   0.5000   3.7000   -2.3710   -4.2440   -2.2770   -5.3350   -0.2250   1.1090   0.2890
2.0000   3239.1800   3328.8300   92.0682   -0.5720   3.6000   1.5000   2.9000   6.1000   -4.1330   -3.5610   -4.7880   -5.7050   -0.1390   0.2040   0.0720
2.0000   3380.2800   3467.6500   140.4049   -0.9950   4.4000   1.2000   2.5000   0.0000   -4.5480   -3.5530   -4.8800   -2.9790   -0.2330   0.2080   0.1000
2.0000   3317.9800   3600.0100   192.6811   2.9390   0.4000   4.4000   3.9000   7.0000   -1.3810   -4.3200   -4.7500   -5.4360   -0.0880   0.0770   0.2110
2.0000   3126.6800   3338.3800   146.5160   3.0290   0.4000   4.6000   2.8000   3.3000   -1.4650   -4.4940   -4.6510   -4.7840   -0.4300   0.2330   0.2170
2.0000   3347.6200   3513.5800   136.3292   -1.5820   3.0000   0.5000   3.4000   5.7000   -3.9380   -2.3560   -5.0760   -5.6360   0.0570   0.3050   0.2520
2.0000   3054.2600   3375.6700   198.8905   1.1700   1.5000   3.4000   3.2000   7.9000   -2.8400   -4.0100   -4.4300   -5.5820   -0.6010   0.3450   0.1640
2.0000   3265.9500   3566.4000   147.0241   2.8970   0.7000   4.1000   4.7000   4.9000   -1.4520   -4.3490   -5.2070   -5.1880   -0.0740   0.7690   0.0560
2.0000   3153.6500   3281.6400   167.8789   2.8900   0.6000   5.6000   0.3000   2.7000   -1.7580   -4.6480   -1.0500   -4.5700   -0.1540   0.2300   0.4150
2.0000   3248.9600   3420.0700   1.0045   1.2910   1.5000   4.1000   2.6000   -0.4000   -3.6180   -4.9090   -4.9460   68.8990   -0.5400   0.4380   0.0530
2.0000   3171.4400   3416.7900   76.6874   1.8250   1.1000   3.7000   3.6000   3.0000   -2.5440   -4.3690   -5.1480   -4.7830   -0.4170   0.2920   0.1340
2.0000   3219.8500   3379.6500   49.6082   0.0170   3.1000   2.3000   5.2000   3.9000   -4.0630   -4.0800   -5.5030   -5.3910   0.1000   0.2840   0.0210
2.0000   3301.3900   3288.9600   141.9207   2.9580   0.6000   3.1000   4.0000   4.7000   -1.4170   -4.3750   -5.1050   -5.4730   -0.4140   0.4440   0.1020
2.0000   3269.8100   3248.3200   173.5222   -0.9420   3.8000   1.2000   3.8000   6.8000   -4.0160   -3.0740   -5.0320   -5.6530   -0.0530   0.3750   0.2890
2.0000   3331.4100   3486.0400   106.0661   2.4650   0.8000   4.5000   2.5000   2.7000   -2.4080   -4.8730   -4.8900   -4.8420   -0.1510   0.6740   0.0820
2.0000   3320.0100   3551.0300   149.0821   0.3570   3.4000   3.6000   1.6000   7.2000   -3.9320   -4.2890   -4.0110   -5.6640   -0.0090   0.2740   0.0500
2.0000   3287.8200   3236.3400   188.3793   3.8900   0.1000   4.9000   1.6000   4.7000   -0.7000   -4.5900   -4.2430   -5.1950   -0.3020   0.4770   0.1140
2.0000   3273.5300   3273.7800   148.8894   0.7960   2.1000   3.0000   3.3000   6.1000   -3.3990   -4.1950   -4.7780   -5.6900   -0.2420   0.3850   0.1500
2.0000   3228.9400   3534.0500   115.1736   -1.0980   4.3000   1.2000   4.7000   6.6000   -4.1150   -3.0170   -5.0440   -5.5170   -0.0330   0.2010   0.0350
2.0000   3222.7600   3480.5200   65.1530   0.5860   3.3000   4.2000   2.9000   5.7000   -3.9910   -4.5770   -4.8450   -5.6630   -0.2010   0.2380   0.0960
2.0000   3428.0400   3459.9700   184.2838   0.3490   3.3000   3.0000   3.4000   3.7000   -4.1990   -4.5480   -5.2060   -5.4360   0.0840   0.4580   0.0780
2.0000   3297.6000   3466.2300   67.4550   0.1150   4.5000   3.7000   1.5000   2.1000   -4.6320   -4.7470   -3.9180   -4.5920   -0.1520   0.3450   0.0980
2.0000   3282.7500   3448.6600   44.7155   0.8050   2.1000   3.4000   0.9000   2.6000   -3.9080   -4.7130   -3.6200   -5.3420   -0.2780   0.1470   0.1050
2.0000   3270.1500   3489.5100   72.4933   -1.1890   3.5000   0.9000   3.0000   -1.2000   -4.2730   -3.0840   -4.8830   68.8990   0.0520   0.3770   0.0230
2.0000   3139.5500   3396.3500   111.1381   0.9200   1.9000   3.1000   3.1000   5.9000   -3.2410   -4.1610   -4.2260   -5.5690   -0.0440   0.1770   0.0830
2.0000   3247.7000   3563.5400   143.0694   1.7870   0.7000   3.3000   2.6000   5.7000   -2.2860   -4.0730   -4.5040   -5.1890   -0.2010   0.2400   0.1810
2.0000   3277.5000   3465.8000   54.0617   0.7680   3.3000   4.4000   3.0000   4.0000   -4.1060   -4.8740   -5.1620   -5.4370   -0.2030   0.3590   0.0970
2.0000   3177.3100   3358.0600   94.3277   0.9640   1.9000   3.5000   1.4000   6.2000   -3.3700   -4.3340   -4.0850   -5.6470   -0.4210   0.3630   0.0930
2.0000   3335.6500   3525.6600   136.8956   0.9490   2.2000   3.5000   2.8000   5.0000   -3.4300   -4.3790   -4.6090   -5.5970   -0.0130   0.7050   0.2190
2.0000   3140.3200   3366.0600   120.6811   -0.4060   3.3000   1.8000   3.1000   7.0000   -3.8380   -3.4320   -4.6120   -5.6330   -0.0120   0.3640   0.1110
2.0000   3304.2500   3509.5100   105.2978   -0.3950   5.8000   3.2000   1.2000   3.7000   -4.7500   -4.3550   -3.4340   -5.1330   0.0850   0.3150   0.1180
2.0000   3412.9000   3510.3400   187.7647   0.2820   3.2000   3.1000   4.5000   3.5000   -4.0280   -4.3100   -5.2150   -4.8120   0.1020   0.3440   0.0420
2.0000   3110.6300   3532.9000   177.5430   1.9280   0.7000   3.8000   2.4000   6.9000   -2.2700   -4.1980   -3.8920   -5.4690   -0.4520   0.4440   0.0910
2.0000   3300.4900   3250.6000   177.7843   0.3230   3.3000   3.6000   5.2000   4.9000   -3.9930   -4.3160   -5.2100   -5.4040   -0.0220   0.3100   0.0680
2.0000   3351.5100   3262.3300   188.9837   1.9590   1.2000   4.6000   2.4000   2.2000   -2.8010   -4.7600   -4.4010   -4.7500   -0.2240   0.5300   0.0490
1.0000   3156.5600   3502.8500   123.1045   -0.1170   6.7000   4.6000   5.5000   1.5000   -4.6600   -4.5430   -5.2180   -4.4210   -0.1570   0.0710   0.2030
2.0000   3071.5600   3382.6500   180.4862   2.9830   0.6000   3.2000   2.4000   7.3000   -0.9880   -3.9710   -4.1690   -5.4980   -0.2160   0.1650   0.0540
2.0000   3129.0300   3409.6000   119.5045   -0.3270   3.5000   2.4000   4.4000   5.8000   -4.1570   -3.8300   -4.9270   -5.4790   0.0070   0.1870   0.0540
2.0000   3171.3100   3353.4700   101.8650   2.9260   0.7000   3.7000   1.2000   6.2000   -1.4250   -4.3510   -3.9500   -5.6430   -0.0840   0.2250   0.2700
1.0000   3063.3500   3362.6700   193.5226   -1.6280   5.7000   1.0000   4.1000   7.0000   -4.3460   -2.7180   -4.7020   -5.3970   -0.2450   0.5170   0.0270
2.0000   3192.9600   3241.8300   186.9393   -0.8780   3.2000   1.2000   2.3000   7.8000   -3.7630   -2.8850   -4.1150   -5.7180   0.1370   0.0860   0.1070
2.0000   3253.0300   3284.7500   135.8127   2.1730   0.8000   3.2000   2.9000   4.7000   -2.0620   -4.2350   -4.6070   -5.2760   -0.2520   0.1010   0.1480
2.0000   3225.6500   3482.5700   66.0118   1.4870   1.3000   3.1000   1.2000   5.4000   -2.7760   -4.2630   -3.8670   -5.5860   0.0410   0.4730   0.1510
2.0000   3325.2000   3479.0000   96.8476   1.4650   1.0000   3.8000   1.3000   4.4000   -3.2620   -4.7270   -3.9260   -5.5510   -0.1290   0.1600   0.1390
2.0000   3390.7300   3512.4200   169.7508   -0.3030   3.0000   1.7000   0.4000   6.2000   -3.9360   -3.6330   -3.9410   -5.8420   -0.1630   0.3820   0.1730
2.0000   3381.5600   3295.9000   182.6083   1.1890   1.3000   3.5000   1.7000   2.7000   -3.5380   -4.7270   -4.1280   -5.0520   -0.0680   0.6860   1.0410
2.0000   3330.4200   3452.4600   88.3738   -0.3750   3.3000   1.7000   2.0000   6.7000   -4.4250   -4.0500   -4.8460   -6.3090   -0.6730   0.5470   0.0220
2.0000   3331.8400   3590.5800   189.6304   1.0140   1.8000   3.3000   3.7000   6.7000   -3.0040   -4.0180   -4.7300   -5.5290   -0.5040   0.6790   0.0660
2.0000   3147.0300   3364.9300   115.2719   3.9050   0.1000   3.9000   1.5000   3.1000   -0.4720   -4.3770   -3.8690   -4.7630   -0.0160   0.2380   0.1400
2.0000   3317.0500   3594.3800   187.1012   1.0340   1.8000   3.6000   3.1000   6.9000   -3.0590   -4.0930   -4.3730   -5.5110   -0.4680   0.2830   0.0620
2.0000   3101.9400   3461.8000   151.8322   -0.0620   3.2000   2.1000   4.9000   6.2000   -3.6140   -3.5520   -4.9470   -5.3910   -0.1320   0.1910   0.0990
2.0000   3284.3300   3524.0300   109.7338   1.0340   2.2000   4.4000   3.7000   4.6000   -3.5520   -4.5860   -4.9120   -5.1610   -0.2660   0.0610   0.1410
2.0000   3340.5400   3579.1400   183.6635   1.1870   1.3000   3.5000   1.8000   6.6000   -2.9200   -4.1070   -4.0250   -5.5190   0.0870   0.2380   0.1990
2.0000   3243.8500   3348.7800   71.8133   1.0270   1.6000   3.2000   3.2000   3.4000   -3.4590   -4.4860   -5.0290   -5.3640   -0.0520   0.2380   0.0860
2.0000   3188.0100   3321.8200   115.4794   2.7280   0.3000   3.0000   3.3000   4.0000   -1.8000   -4.5280   -4.8330   -5.0190   -0.3390   0.6450   0.1450
2.0000   3190.7700   3229.8700   199.0188   2.7250   0.3000   3.7000   3.9000   5.9000   -1.3860   -4.1110   -4.5160   -5.2610   -0.2190   0.5210   0.0270
2.0000   3215.6200   3445.6000   41.0178   -0.9450   5.1000   1.7000   2.5000   4.6000   -4.5820   -3.6370   -4.5260   -5.3160   -0.1270   0.2870   0.1420
2.0000   3342.5300   3252.9300   192.3500   -1.1640   3.2000   0.9000   4.2000   4.5000   -4.0800   -2.9160   -5.1960   -5.2250   -0.0280   0.4000   0.2820
2.0000   3098.9400   3449.7100   151.9389   2.8220   0.4000   3.1000   1.2000   5.5000   -1.1970   -4.0190   -3.1690   -5.3250   -0.4520   0.1580   0.0830
2.0000   3442.1500   3423.4100   194.1332   1.4970   0.8000   3.2000   2.2000   -0.2000   -3.2340   -4.7310   -5.3030   68.8990   -0.3260   0.7220   0.0500
2.0000   3283.8400   3278.7000   146.2215   1.3870   1.1000   3.7000   2.0000   5.1000   -3.0870   -4.4740   -4.2400   -5.4910   -0.1890   0.7900   0.0550
2.0000   3091.9200   3493.7100   172.4445   0.6170   2.9000   3.6000   1.2000   7.3000   -3.5370   -4.1540   -2.9350   -5.5470   -0.0850   0.3310   0.1510
1.0000   3095.6500   3515.4500   179.5645   0.5850   3.3000   4.0000   6.5000   5.7000   -3.6420   -4.2270   -5.2910   -5.2380   -0.1720   0.2430   0.1390
2.0000   3201.3500   3520.3200   110.2256   1.3650   1.6000   3.6000   3.0000   5.9000   -2.8800   -4.2450   -4.7180   -5.5210   -0.1910   0.3320   0.1780
2.0000   3154.8400   3526.6000   141.2424   1.3860   1.4000   3.1000   3.1000   4.2000   -2.6470   -4.0330   -4.5930   -4.9640   -0.4170   0.6870   0.3460
2.0000   3194.2800   3477.7200   78.5333   0.8290   2.1000   3.0000   3.3000   4.1000   -3.3000   -4.1290   -4.9480   -5.1640   -0.5150   0.3310   0.0920
2.0000   3265.6200   3614.5300   194.8538   1.1450   1.5000   3.1000   2.7000   5.7000   -2.8540   -3.9990   -4.3710   -5.1350   -0.0310   0.3380   0.1990
2.0000   3407.2800   3508.5400   181.9721   1.4090   1.4000   3.9000   2.4000   3.8000   -3.1890   -4.5980   -4.6150   -5.3030   0.1470   0.7970   0.0330
2.0000   3187.8000   3508.8900   106.9890   2.9750   0.5000   4.6000   -0.0000   -0.4000   -1.6510   -4.6260   68.8910   -2.1960   0.1430   0.0810   0.5220
2.0000   3139.0400   3385.5800   114.4472   3.3770   0.3000   5.0000   2.3000   3.9000   -1.2840   -4.6610   -4.0850   -4.9160   -0.1660   0.3010   0.1070
2.0000   3246.1000   3294.9000   125.5860   0.7520   1.7000   3.0000   2.6000   3.3000   -3.4160   -4.1680   -4.8900   -5.1020   0.0770   0.4540   0.5960
2.0000   3250.4500   3490.6600   70.2304   2.0150   0.7000   3.2000   1.0000   4.2000   -2.3050   -4.3200   -2.9320   -5.1390   0.0210   0.6200   0.1610
2.0000   3204.0200   3429.7200   44.9802   -0.2720   3.4000   1.9000   5.3000   3.6000   -4.0070   -3.7350   -5.4300   -5.2390   -0.0410   0.1450   0.0430
2.0000   3189.2300   3489.7400   90.8663   1.0890   2.6000   4.2000   1.8000   5.3000   -3.3900   -4.4790   -4.1560   -5.4290   0.1090   0.5550   0.0730
2.0000   3326.3500   3534.5100   138.3384   0.0860   4.7000   3.7000   0.0000   5.2000   -4.2780   -4.3640   -1.2690   -5.5320   0.1550   0.0380   0.2620
2.0000   3238.9700   3284.5000   136.2731   2.2100   0.9000   3.6000   3.7000   4.0000   -2.1580   -4.3680   -5.0230   -5.0650   0.1150   0.8860   0.1020
2.0000   3331.0000   3490.2100   108.3792   0.9690   1.7000   3.0000   2.1000   1.0000   -3.5120   -4.4810   -4.5750   -3.7260   -0.0400   0.4540   0.1890
2.0000   3171.6400   3534.6200   137.3565   -0.1580   4.1000   2.8000   3.4000   6.5000   -4.0370   -3.8790   -4.6170   -5.3920   -0.2190   0.2010   0.0290
2.0000   3280.9100   3518.7400   103.6209   1.0920   1.4000   3.4000   2.0000   4.7000   -3.2250   -4.3170   -4.1960   -5.3700   -0.0430   0.2320   0.3630
2.0000   3115.6500   3465.7800   139.9277   0.9920   1.7000   3.3000   0.2000   3.1000   -3.0810   -4.0730   -2.2870   -5.3550   -0.2710   0.1640   0.1260
2.0000   3263.2000   3358.9800   63.3324   1.3060   1.3000   3.3000   2.0000   1.5000   -3.3800   -4.6860   -4.3480   -4.3960   -0.0900   0.2510   0.0840
2.0000   3207.7200   3513.0600   100.9869   1.7020   1.0000   3.1000   3.0000   5.0000   -2.4230   -4.1250   -4.7460   -5.3810   0.1370   0.3790   0.3010
2.0000   3161.9000   3314.6600   136.4401   0.8390   2.1000   3.1000   0.8000   5.1000   -3.2190   -4.0580   -3.7590   -5.4920   -0.0680   0.2620   0.2300
2.0000   3315.1800   3511.2900   112.9425   3.0730   0.7000   3.8000   2.5000   5.1000   -1.5000   -4.5730   -4.5780   -5.5160   -0.0580   0.3570   0.2090
2.0000   3277.7200   3312.6200   111.8606   1.5790   0.9000   3.1000   -0.5000   3.8000   -2.8960   -4.4750   68.8910   -5.3940   0.0990   0.6680   0.2470
2.0000   3248.0700   3229.8200   190.6510   0.8850   3.1000   3.7000   2.9000   5.6000   -3.3260   -4.2110   -4.5510   -5.2500   0.0780   0.5140   0.0270
2.0000   3245.3700   3454.2300   33.8643   -0.4180   4.0000   2.0000   3.6000   4.5000   -4.3550   -3.9370   -5.0790   -5.4940   -0.0070   0.3240   0.1030
2.0000   3116.5800   3542.2800   179.2175   2.7870   0.4000   4.1000   1.2000   3.7000   -1.4260   -4.2130   -3.7260   -5.0060   0.0990   0.5300   0.3470
2.0000   3277.1300   3469.4400   56.9583   -2.0670   3.5000   0.4000   3.8000   1.6000   -4.2930   -2.2260   -5.1540   -4.4650   -0.0060   0.1340   0.1570
2.0000   3274.0400   3423.8900   26.2248   -1.2810   3.8000   0.8000   1.8000   3.2000   -4.5010   -3.2200   -4.4160   -5.3340   -0.0310   0.0620   0.0380
2.0000   3053.9700   3387.0700   196.9223   1.0330   1.7000   3.6000   1.8000   6.6000   -3.0640   -4.0970   -4.0870   -5.4100   -0.3310   0.6290   0.1050
2.0000   3333.9300   3527.3300   137.0989   0.0620   3.8000   2.8000   4.1000   2.2000   -4.0820   -4.1440   -5.2150   -4.0210   -0.0140   0.2950   0.2210
2.0000   3065.1600   3468.7400   189.1418   -0.1740   3.0000   1.9000   4.2000   6.3000   -3.5970   -3.4230   -4.9420   -5.4370   -0.0240   0.2470   0.1940
2.0000   3165.7400   3308.5600   138.9144   4.7660   0.2000   3.8000   2.2000   3.1000   0.0580   -4.7080   -4.8420   -5.4190   0.1580   0.5970   0.0590
2.0000   3135.4000   3426.2500   112.7871   -0.2480   3.9000   1.8000   4.5000   2.5000   -4.1640   -3.9160   -5.0160   -4.4970   -0.1870   0.2170   0.1250
2.0000   3295.5600   3575.8300   162.4643   1.1550   1.6000   3.6000   0.9000   5.3000   -3.0500   -4.2050   -3.2790   -5.1350   -0.0380   0.1150   0.2830
2.0000   3266.7900   3286.4600   135.3165   -0.0510   4.6000   3.2000   2.0000   2.6000   -4.3560   -4.3050   -3.8760   -4.9290   0.1380   0.5970   0.0990
2.0000   3388.1300   3559.0400   197.0453   -0.5530   4.1000   2.0000   3.4000   5.6000   -4.1290   -3.5760   -4.4970   -5.4000   -0.0600   0.1170   0.0760
2.0000   3092.9200   3487.9300   169.1527   1.2870   1.5000   3.1000   2.6000   5.8000   -2.6510   -3.9380   -4.1440   -5.2370   -0.2330   0.2750   0.1490
2.0000   3212.3500   3603.6300   186.6037   0.6000   2.5000   3.1000   2.0000   2.8000   -3.2370   -3.8370   -3.6280   -4.3640   -0.0430   0.7960   0.1140
2.0000   3180.6700   3554.1400   149.6863   2.4220   0.6000   3.7000   3.4000   5.6000   -1.7840   -4.2060   -4.6370   -5.3210   -0.0800   0.2000   0.1650
2.0000   3325.7300   3307.9500   136.7365   2.4190   0.7000   3.5000   -0.3000   1.6000   -2.2800   -4.6990   68.8910   -4.3520   0.1550   0.1950   0.1350
2.0000   3172.2100   3540.6200   142.0768   -0.9140   3.2000   1.0000   2.8000   4.3000   -3.6730   -2.7590   -4.2290   -5.7190   -0.4080   0.5070   0.0830
2.0000   3127.4000   3399.3400   122.4757   -0.0930   3.1000   1.8000   3.7000   5.5000   -3.6190   -3.5260   -4.8070   -5.3780   -0.3440   0.5600   0.0460
2.0000   3183.3600   3237.2900   194.2644   -0.6850   3.1000   1.1000   -0.5000   6.3000   -3.4920   -2.8070   68.8910   -5.3580   -0.0220   0.2260   0.1550
2.0000   3243.8600   3478.8800   58.5583   1.1710   2.2000   3.4000   2.7000   1.8000   -3.2770   -4.4480   -4.9350   -4.2960   -0.2370   0.4830   0.0690
2.0000   3138.9900   3427.9700   109.3065   0.9540   1.9000   3.0000   3.7000   4.9000   -3.1150   -4.0690   -4.7750   -5.3470   -0.0290   0.0940   0.1280
2.0000   3137.5700   3300.6400   162.9812   0.5190   3.0000   3.7000   2.3000   6.3000   -3.6270   -4.1460   -4.2250   -5.4010   -0.4510   0.1910   0.0430
2.0000   3133.8600   3505.5700   142.4032   0.3100   3.9000   3.8000   3.4000   5.8000   -3.8970   -4.2070   -4.6060   -5.1970   -0.2090   0.2210   0.0870
2.0000   3235.9900   3451.2400   33.0441   0.0500   3.3000   2.2000   2.3000   2.1000   -3.9820   -4.0320   -4.6450   -4.2500   0.0390   0.5860   0.1240
2.0000   3388.9400   3508.2400   166.0015   0.9040   2.0000   3.2000   3.6000   3.2000   -3.4960   -4.4000   -5.0830   -4.9850   -0.3280   0.2950   0.0480
2.0000   3212.4700   3287.9900   137.1728   1.4560   1.5000   4.3000   2.5000   4.2000   -3.0090   -4.4650   -4.5590   -5.0330   -0.0170   0.4700   0.0520
2.0000   3422.7500   3474.1200   182.7625   0.7220   2.8000   4.4000   -1.8000   2.1000   -4.1800   -4.9020   68.8910   -4.9770   -0.1220   0.2030   0.0960
2.0000   3284.5800   3561.7100   145.8893   0.8260   2.0000   3.2000   5.5000   3.1000   -3.2790   -4.1050   -5.2220   -4.7890   -0.1070   0.3160   0.0410
2.0000   3307.4900   3254.7900   176.0245   0.8170   1.8000   3.0000   0.7000   4.0000   -3.3330   -4.1500   -1.0070   -5.1240   -0.1350   0.3280   0.2220
2.0000   3127.9300   3499.5900   143.8262   1.7780   1.4000   3.2000   0.3000   5.4000   -2.2730   -4.0510   -1.4250   -5.0940   -0.1660   0.4230   0.0780
2.0000   3192.3300   3304.5100   128.6485   1.4170   1.1000   3.0000   0.6000   4.3000   -2.6800   -4.0970   -3.3350   -5.3090   -0.0560   0.5840   0.2520
2.0000   3325.7400   3452.9500   84.2160   -1.1290   3.1000   0.9000   2.4000   2.7000   -4.3880   -3.2590   -5.0660   -5.2140   -0.5990   0.5420   0.0510
2.0000   3080.2200   3410.0300   168.1435   2.2460   0.8000   4.1000   4.6000   4.0000   -2.0000   -4.2460   -5.0000   -4.9230   -0.2420   0.7370   0.1390
2.0000   3299.5900   3543.4900   133.3836   2.4080   0.4000   3.2000   1.0000   2.6000   -1.7960   -4.2040   -3.5470   -4.9290   0.1260   1.1140   0.2620
2.0000   3225.1800   3542.9900   124.6332   72.9380   0.4000   3.1000   2.7000   6.5000   68.8730   -4.0650   -4.4340   -5.5770   -0.1900   0.0410   0.0160
2.0000   3094.8500   3409.4100   153.5878   1.5730   0.6000   3.6000   3.0000   2.5000   -2.6140   -4.1870   -4.5190   -4.6180   0.0160   0.2420   0.1160
2.0000   3356.5600   3568.8200   183.8049   3.0830   0.2000   3.1000   3.3000   3.9000   -1.0370   -4.1200   -4.6740   -5.0260   -0.0910   0.2770   0.1730
2.0000   3206.8000   3585.3200   169.9289   0.4550   3.2000   3.4000   2.9000   5.1000   -3.5870   -4.0420   -4.6680   -4.9200   0.0200   0.6910   0.0360
2.0000   3299.0400   3279.7500   149.6780   -2.9270   3.7000   0.1000   0.1000   4.4000   -4.1780   -1.2510   -1.2670   -5.2490   -0.0120   0.9480   0.2820
2.0000   3087.0400   3464.6800   166.9584   0.1830   3.5000   2.8000   2.4000   6.1000   -3.6570   -3.8400   -4.0000   -5.3260   -0.3010   0.4990   0.1410
2.0000   3218.5200   3491.3300   76.7618   1.3970   1.6000   3.8000   3.7000   0.7000   -3.0520   -4.4490   -4.9650   -2.5850   0.0300   0.0540   0.3170
2.0000   3231.9400   3408.7500   19.9138   2.8870   0.4000   4.9000   -0.2000   1.1000   -2.1110   -4.9980   -0.8190   -4.4830   0.0100   0.2360   0.0990
2.0000   3235.9900   3570.1400   150.1532   1.0520   1.7000   3.3000   3.7000   5.0000   -3.0270   -4.0790   -4.6400   -5.2790   -0.0250   0.5760   0.1880
2.0000   3213.7700   3524.0800   109.1292   -0.6990   3.2000   1.2000   1.3000   3.7000   -3.8170   -3.1180   -3.9560   -4.5970   -0.2390   0.4770   0.3880
2.0000   3345.5100   3485.0400   116.9177   0.4680   3.0000   3.6000   2.0000   4.0000   -4.2090   -4.6770   -4.4230   -5.4250   -0.0340   0.1270   0.0310
2.0000   3350.0300   3554.0000   168.0243   1.3790   1.4000   3.2000   2.7000   3.9000   -2.7900   -4.1690   -4.5820   -4.9970   -0.2060   0.6530   0.2210
2.0000   3246.4500   3534.4100   113.9501   -2.8770   3.9000   0.3000   1.8000   4.8000   -4.0350   -1.1580   -3.9320   -5.1450   0.0790   0.6940   0.0400
2.0000   3176.7300   3437.2800   73.2633   1.4220   1.8000   4.1000   0.3000   3.9000   -3.0870   -4.5090   -3.0500   -5.0760   0.0620   0.3610   0.1600
2.0000   3064.5600   3477.3400   192.0902   1.1000   2.0000   4.8000   2.1000   5.1000   -3.3410   -4.4410   -3.9370   -5.1820   0.0570   0.2110   0.1150
2.0000   3291.5500   3576.1300   161.6259   0.0890   3.3000   2.5000   4.1000   5.2000   -3.7070   -3.7960   -4.8540   -5.3080   -0.0390   0.1660   0.1260
2.0000   3162.0100   3469.0800   98.8121   4.3170   0.3000   3.0000   0.1000   1.1000   -0.0720   -4.3890   -1.1990   -3.6420   0.0320   0.0990   0.3870
2.0000   3111.2900   3302.2400   180.7729   -0.3640   3.9000   2.0000   2.6000   5.1000   -3.8210   -3.4570   -4.5410   -5.0590   -0.1700   0.5650   0.0950
2.0000   3325.6500   3516.2100   123.2454   1.4230   1.5000   4.6000   1.0000   1.9000   -3.3350   -4.7580   -3.3210   -3.7530   -0.2850   0.1680   0.0270
2.0000   3150.0900   3336.4200   129.0681   3.5010   0.5000   4.6000   2.1000   4.2000   -0.9890   -4.4900   -4.1390   -5.0720   -0.2000   0.1340   0.2570
2.0000   3177.7200   3338.6600   107.8786   2.0840   1.1000   3.3000   2.9000   4.0000   -2.1330   -4.2170   -4.5300   -5.0840   -0.1680   0.2100   0.2380
2.0000   3091.4900   3537.6900   195.5707   0.6190   2.6000   3.5000   3.7000   5.8000   -3.4000   -4.0190   -4.6620   -5.2500   0.0220   0.3900   0.1050
2.0000   3277.9900   3409.0000   32.0725   -2.3570   3.9000   0.3000   1.1000   2.3000   -4.6360   -2.2790   -4.1460   -5.1260   -0.2560   0.7480   0.0540
2.0000   3144.7600   3537.3400   155.9645   -0.8890   3.1000   0.8000   1.2000   4.5000   -3.3570   -2.4680   -2.2190   -4.9890   0.1210   0.1590   0.1010
2.0000   3101.2700   3495.4600   164.8165   1.9380   0.6000   3.6000   2.0000   5.4000   -2.2110   -4.1490   -4.0780   -5.2910   -0.1740   0.1480   0.1600
2.0000   3337.2800   3474.3600   104.2496   -1.0360   3.4000   0.9000   1.6000   1.2000   -4.2050   -3.1690   -4.8640   -4.6090   0.0130   0.3350   0.0710
2.0000   3051.8100   3414.6900   196.3141   0.3990   3.4000   3.6000   2.8000   5.9000   -3.7250   -4.1240   -4.3730   -5.1310   -0.2860   0.3330   0.0920
2.0000   3075.6400   3344.4800   188.4039   1.3460   0.7000   3.1000   -0.1000   4.0000   -2.5810   -3.9270   68.8910   -4.9890   -0.0790   0.1710   0.3310
2.0000   3108.5500   3536.7400   181.5920   1.9420   1.2000   3.6000   2.6000   3.9000   -2.2410   -4.1830   -4.2570   -4.6680   0.1430   0.7600   0.2760
2.0000   3186.7100   3580.3300   171.2196   1.8210   1.2000   4.9000   0.1000   3.4000   -2.6040   -4.4250   -2.2720   -4.4820   0.1210   0.1270   0.2130
2.0000   3324.3500   3496.5000   107.7208   0.3810   3.5000   3.4000   0.5000   3.7000   -4.1320   -4.5130   68.8910   -5.3000   -0.1450   0.0590   0.0640
2.0000   3251.5600   3453.3100   33.0272   -0.3380   3.0000   1.5000   0.5000   3.4000   -4.0360   -3.6980   -3.8640   -5.1630   -0.1250   1.0150   0.2000
2.0000   3217.9300   3508.0700   92.6290   -1.4530   3.7000   0.6000   0.6000   5.4000   -3.8890   -2.4360   -3.8810   -5.3630   0.0920   0.1090   0.0700
2.0000   3307.1700   3242.7500   187.2998   1.3660   1.3000   3.6000   3.8000   2.4000   -2.8800   -4.2460   -4.8500   -4.5690   -0.1220   0.7690   0.1240
2.0000   3213.6600   3241.5900   182.1547   3.4550   0.3000   4.2000   -1.6000   2.5000   -0.8660   -4.3210   68.8910   -4.4680   -0.2700   0.0940   0.1710
2.0000   3241.4800   3437.8300   18.5568   -0.2040   3.9000   2.3000   0.4000   3.1000   -4.3370   -4.1330   -3.4550   -5.2120   0.0770   0.9170   0.1140
2.0000   3207.1800   3452.2000   51.7319   -0.6050   3.5000   1.3000   2.6000   3.6000   -3.9440   -3.3390   -4.6200   -5.1880   -0.3530   0.4600   0.0520
2.0000   3159.2600   3518.3400   132.1365   1.4690   0.9000   3.3000   2.9000   3.6000   -2.6380   -4.1070   -4.2150   -4.8780   0.0490   0.0900   0.4920
2.0000   3147.9900   3522.4700   142.8762   2.5240   0.4000   3.0000   2.7000   4.1000   -1.4820   -4.0060   -4.3970   -4.7810   -0.2780   0.6250   0.3970
2.0000   3106.3100   3322.6700   172.1980   1.5460   1.1000   3.5000   1.8000   5.3000   -2.5340   -4.0800   -4.0810   -5.1770   -0.1330   0.2020   0.2820
2.0000   3155.2000   3410.2400   93.4010   1.5370   1.0000   3.5000   2.2000   3.2000   -2.7690   -4.3060   -4.3810   -4.9100   -0.1390   0.4860   0.1830
2.0000   3108.2200   3495.1500   158.5128   1.1410   1.7000   3.7000   4.5000   2.1000   -3.0420   -4.1830   -5.0020   -4.6460   0.0970   0.3370   0.0920
2.0000   3214.2600   3348.7100   79.3137   2.1130   1.0000   3.7000   2.1000   2.8000   -2.4050   -4.5180   -4.5070   -4.8570   0.1160   0.7070   0.1610
2.0000   3090.0400   3388.1800   161.2650   2.7830   0.7000   3.1000   0.3000   3.1000   -1.6590   -4.4420   -2.8100   -4.5340   0.0390   0.7020   0.2590
2.0000   3223.1800   3346.5300   78.0080   -0.5980   3.9000   1.6000   -0.0000   2.0000   -4.1930   -3.5950   -3.1160   -3.9300   0.0130   0.3790   0.0360
2.0000   3166.9700   3555.0200   157.0847   -0.9720   3.0000   0.9000   2.7000   6.1000   -3.5660   -2.5940   -4.3750   -5.3730   -0.2190   0.4690   0.1450
2.0000   3213.0600   3390.3400   46.1672   -1.1220   4.0000   1.0000   3.1000   1.0000   -4.2630   -3.1410   -4.7450   -3.5050   -0.1650   0.1890   0.2460
2.0000   3198.0900   3584.7000   171.6568   0.6950   2.2000   3.1000   0.7000   5.8000   -3.2040   -3.8990   -3.2070   -5.3140   -0.4470   0.3950   0.1010
2.0000   3122.9200   3388.3700   129.1714   3.6960   0.3000   3.5000   3.6000   3.2000   -0.5040   -4.2000   -4.7690   -4.6390   -0.0670   0.3270   0.1750
2.0000   3158.8600   3299.2700   150.4745   -0.6980   3.6000   1.4000   2.2000   5.6000   -3.8650   -3.1670   -4.0850   -5.2880   -0.3050   0.1990   0.0970
2.0000   3231.7000   3460.6900   43.4112   0.4780   3.2000   4.0000   1.8000   1.2000   -4.1580   -4.6360   -4.3610   -3.8770   -0.1550   0.7960   0.1840
2.0000   3252.2600   3590.2100   169.7915   0.5860   3.5000   4.3000   5.4000   1.9000   -3.7110   -4.2970   -5.0970   -4.2440   -0.4400   0.2120   0.0850
2.0000   3115.6400   3305.9400   175.0624   -2.8580   3.4000   0.2000   4.8000   3.0000   -3.7060   -0.8480   -4.9880   -4.8200   0.0940   0.4520   0.3020
2.0000   3067.3700   3463.7500   185.7804   0.5440   3.5000   4.2000   1.6000   5.5000   -3.7000   -4.2440   -3.8410   -5.2510   0.0540   0.3650   0.0740
2.0000   3141.0600   3507.1700   137.6998   -0.4980   3.6000   1.6000   2.4000   4.9000   -3.8600   -3.3620   -4.2140   -5.2320   -0.3140   0.4830   0.2110
2.0000   3236.8600   3269.3400   151.5439   0.1520   3.3000   2.6000   3.2000   3.3000   -3.7890   -3.9410   -4.7640   -4.4560   -0.1300   0.3200   0.1260
2.0000   3213.7800   3569.8200   153.2279   0.2980   3.2000   2.8000   3.7000   4.6000   -3.6040   -3.9020   -4.5290   -4.9860   -0.4600   0.2730   0.1510
2.0000   3235.7000   3325.6300   95.6403   -1.9110   4.1000   0.6000   0.9000   3.2000   -4.2690   -2.3580   -3.9260   -4.8430   0.0050   0.3190   0.1000
2.0000   3393.2400   3507.1700   169.1155   1.2400   1.7000   3.8000   2.0000   2.8000   -3.3140   -4.5540   -4.2240   -4.9000   -0.1500   0.3040   0.2200
2.0000   3209.0400   3547.7300   133.1006   4.1210   0.2000   3.2000   0.6000   4.1000   0.0780   -4.0430   -3.5150   -4.9250   -0.0230   0.7070   0.2210
2.0000   3142.7300   3401.1000   107.0758   -2.6780   4.6000   0.3000   3.2000   4.5000   -4.1440   -1.4660   -4.6730   -5.2540   0.0880   0.4750   0.0210
2.0000   3062.3000   3373.8100   191.5104   1.2030   1.4000   3.5000   1.1000   4.3000   -2.8960   -4.0990   -3.4120   -4.9510   -0.0730   0.9830   0.2080
2.0000   3328.4900   3522.9700   130.3012   -0.1680   3.6000   2.1000   1.4000   2.6000   -3.9780   -3.8100   -4.1570   -4.8150   -0.2940   0.4960   0.1400
2.0000   3067.4600   3499.6300   197.1672   -0.4200   3.5000   1.9000   3.1000   4.8000   -3.7440   -3.3240   -4.3230   -4.8870   -0.0690   0.4800   0.1520
2.0000   3321.6100   3569.7500   166.4239   -2.5390   4.1000   0.3000   1.8000   3.9000   -4.0750   -1.5360   -4.3300   -4.9320   -0.0660   0.4340   0.0750
2.0000   3272.3400   3306.0500   116.9731   0.0010   3.0000   2.4000   1.8000   2.8000   -4.0880   -4.0890   -4.2700   -4.7840   0.1250   0.6280   0.2110
2.0000   3091.9900   3465.1800   162.3274   -0.0250   3.8000   2.3000   0.2000   2.5000   -3.6750   -3.6500   -1.5570   -3.8470   -0.1010   0.1400   0.0740
2.0000   3150.0300   3373.2300   108.8002   -1.7270   4.1000   0.8000   2.2000   3.5000   -4.1810   -2.4540   -4.5520   -4.8670   0.1080   0.4400   0.1730
2.0000   3093.0200   3522.8000   185.7474   -0.6690   3.0000   0.8000   3.7000   4.3000   -3.4860   -2.8170   -4.6630   -4.9640   0.0880   0.3290   0.0620
2.0000   3273.7500   3552.9000   134.9018   1.1090   2.0000   3.8000   3.1000   3.4000   -3.2050   -4.3140   -4.5380   -4.7910   -0.2430   0.3700   0.0870
2.0000   3110.6300   3380.1300   143.2083   2.5750   0.6000   3.1000   1.7000   4.2000   -1.4690   -4.0440   -4.0230   -5.0440   0.0210   0.5230   0.2950
2.0000   3242.0900   3565.2600   144.9112   -0.1340   3.1000   1.9000   3.0000   3.9000   -3.6820   -3.5480   -4.7210   -4.8950   -0.2380   0.2020   0.1880
2.0000   3222.0500   3538.2400   120.6025   2.1790   0.8000   3.5000   1.2000   3.8000   -2.0300   -4.2090   -3.5150   -4.9350   0.0920   0.3840   0.0520
2.0000   3081.5300   3320.1100   194.4160   0.6560   3.9000   5.2000   2.9000   3.2000   -3.8480   -4.5040   -4.4350   -4.7170   0.0340   0.4800   0.0380
2.0000   3362.3900   3547.2100   170.7013   -0.8390   3.5000   1.2000   0.6000   3.5000   -3.8840   -3.0450   -0.7860   -5.1100   -0.1180   0.4490   0.0550
2.0000   3237.5600   3465.6800   46.4076   -0.2200   3.8000   2.2000   3.2000   2.2000   -4.1490   -3.9290   -4.8980   -4.7280   -0.0480   0.1390   0.0710
2.0000   3283.3200   3591.3700   174.5028   -0.2820   3.5000   2.0000   3.5000   4.9000   -3.7260   -3.4440   -4.7050   -5.2600   -0.2090   0.3640   0.1580
2.0000   3126.9900   3423.9000   121.0976   -0.3750   3.3000   1.7000   1.8000   4.5000   -3.7170   -3.3420   -3.7400   -5.1730   0.0130   0.2420   0.1990
2.0000   3131.8700   3571.3600   190.4277   -1.4460   3.7000   0.7000   3.9000   4.6000   -3.8350   -2.3890   -4.6840   -4.8410   -0.1810   0.0940   0.4370
2.0000   3289.1800   3547.0300   133.0780   -0.2510   4.5000   2.4000   3.0000   2.1000   -4.0990   -3.8480   -4.6660   -4.3300   -0.1450   0.4050   0.0800
2.0000   3287.6200   3285.5700   140.5878   1.0450   1.1000   3.3000   1.0000   3.7000   -3.3580   -4.4030   -4.0550   -5.0770   0.0720   0.3760   0.1080
2.0000   3271.6800   3524.8500   107.0228   -1.1720   3.0000   0.7000   2.4000   2.9000   -3.7390   -2.5670   -4.4440   -4.4480   -0.1230   0.5140   0.0230
2.0000   3155.4700   3308.8400   145.0190   -0.9560   4.2000   1.2000   1.6000   1.5000   -4.0560   -3.1000   -4.0620   -4.2920   -0.0620   0.0940   0.0540
2.0000   3217.0100   3419.4700   31.0451   -0.3860   3.1000   1.5000   2.2000   1.8000   -4.0310   -3.6450   -4.6780   -4.8410   -0.1410   0.6180   0.0760
2.0000   3224.7400   3234.1400   187.7820   -0.6850   3.4000   1.2000   2.6000   4.8000   -3.6270   -2.9420   -4.1540   -4.9600   -0.3170   0.2320   0.0520
2.0000   3208.4700   3382.3400   54.9516   2.7730   0.7000   3.0000   2.2000   2.5000   -1.5440   -4.3170   -4.4740   -4.8570   -0.2320   0.3810   0.0620
2.0000   3172.1500   3472.8400   92.2044   1.4150   1.6000   3.2000   2.6000   2.1000   -2.7640   -4.1790   -4.3940   -4.4280   -0.1930   0.2230   0.1580
2.0000   3190.1600   3257.2400   173.1887   1.9140   1.0000   3.4000   3.2000   4.3000   -2.2210   -4.1350   -4.6490   -5.0270   -0.1830   0.3240   0.1150
2.0000   3118.2500   3436.8700   130.8209   2.7530   0.9000   3.6000   1.9000   4.9000   -1.4260   -4.1790   -4.0050   -5.1550   0.1530   0.3160   0.1030
2.0000   3295.2400   3278.8500   149.2797   -1.3710   3.0000   0.7000   -0.9000   4.7000   -4.0050   -2.6340   68.8910   -5.3860   -0.1420   0.9150   0.0730
2.0000   3358.6700   3581.5800   195.4363   2.3810   0.6000   3.6000   1.7000   2.3000   -1.8190   -4.2000   -3.9570   -4.7320   -0.2100   0.5630   0.1890
2.0000   3284.6100   3230.3300   193.6260   0.2610   3.5000   3.2000   4.3000   2.7000   -3.8290   -4.0900   -4.9280   -4.3780   -0.3270   0.3000   0.1670
2.0000   3112.4000   3505.5700   160.1243   0.1070   3.5000   2.8000   3.7000   2.3000   -3.7930   -3.9000   -4.7490   -3.8620   -0.2550   0.1430   0.1170
2.0000   3208.2400   3390.2300   49.9848   -8.2560   3.3000   0.1000   2.9000   3.7000   -3.9580   4.2980   -4.7580   -5.2400   -0.4420   0.1290   0.1310
2.0000   3321.1700   3264.4900   172.2737   -1.0730   3.6000   1.0000   2.5000   0.9000   -4.1330   -3.0600   -4.8320   -3.4740   -0.4790   0.2800   0.1090
2.0000   3373.4700   3512.7700   155.7307   0.9560   2.1000   3.5000   2.3000   -1.2000   -3.5050   -4.4610   -4.2820   68.8990   -0.1930   0.3830   0.1000
2.0000   3328.6100   3565.9400   166.2917   -0.0540   3.1000   2.0000   3.7000   1.3000   -3.6080   -3.5540   -4.8980   -3.9770   -0.0710   0.3020   0.1290
2.0000   3165.7500   3575.4100   175.4354   0.3220   4.0000   3.8000   4.9000   2.8000   -3.8430   -4.1650   -4.8650   -4.4950   -0.0690   0.3360   0.1560
2.0000   3121.9500   3501.5900   149.9291   -0.0430   3.7000   2.2000   2.6000   3.9000   -3.6770   -3.6340   -4.3190   -4.9580   -0.1410   0.1370   0.2360
2.0000   3179.0100   3280.1400   156.3899   1.9470   0.8000   3.2000   1.1000   1.6000   -2.1200   -4.0670   -3.3040   -4.1680   -0.3350   0.4040   0.2160
2.0000   3212.6600   3545.9400   130.3616   1.3970   1.5000   3.7000   1.5000   3.4000   -2.8090   -4.2060   -3.4160   -4.8940   0.0160   0.4180   0.1020
2.0000   3145.4400   3543.8700   160.4801   0.3350   3.0000   2.9000   1.4000   4.5000   -3.5540   -3.8890   -3.7670   -4.8580   -0.3100   0.5200   0.1310
2.0000   3100.1400   3497.7600   166.8763   3.4950   0.2000   3.4000   0.8000   3.0000   -0.5630   -4.0580   -2.2440   -4.7370   -0.3010   0.7220   0.4000
2.0000   3054.6800   3436.9900   194.0633   -3.0860   3.6000   0.2000   2.7000   4.5000   -3.7660   -0.6800   -4.4770   -5.0030   -0.2350   0.2060   0.0420
2.0000   3267.9300   3560.8600   141.7911   -1.1350   3.2000   0.9000   1.5000   3.4000   -3.8480   -2.7130   -3.8150   -4.6650   0.0350   0.5070   0.1190
2.0000   3292.9600   3545.8200   133.1551   -0.2410   3.2000   1.8000   2.2000   4.0000   -3.7420   -3.5010   -4.3800   -4.9470   -0.1290   0.3370   0.0820
2.0000   3335.3600   3517.9800   130.8929   -1.6050   3.3000   0.6000   -0.4000   1.3000   -4.1430   -2.5380   68.8910   -4.1110   0.1260   1.3230   0.1210
2.0000   3233.7100   3240.9000   180.1418   1.2940   1.2000   3.2000   2.7000   3.0000   -2.6940   -3.9880   -4.2740   -4.5510   -0.3310   0.5390   0.2450
2.0000   3185.4200   3538.5800   133.6820   0.0120   3.9000   2.8000   2.4000   3.7000   -3.8600   -3.8720   -4.3430   -4.8460   0.0110   0.2050   0.1330
2.0000   3334.3000   3511.8500   125.6626   -1.9570   4.3000   0.6000   0.1000   1.3000   -4.3660   -2.4090   -0.5200   -4.2320   -0.5670   0.6790   0.1360
2.0000   3140.8100   3331.4100   139.3912   1.5110   1.0000   3.3000   1.6000   3.9000   -2.6170   -4.1280   -3.7230   -5.0950   -0.3460   0.5520   0.1880
2.0000   3157.1200   3478.4700   107.8432   0.6110   2.8000   3.5000   3.1000   0.8000   -3.6250   -4.2360   -4.7600   -3.5060   0.0640   0.3840   0.0730
2.0000   3057.8800   3400.8900   191.1645   -1.3470   3.2000   0.6000   4.8000   1.0000   -3.5730   -2.2260   -4.9790   -1.6400   -0.3760   0.5940   0.6770
2.0000   3101.6200   3369.7000   154.9717   0.5770   2.0000   4.1000   2.0000   1.0000   -3.7990   -4.3760   -4.0130   -4.1000   -0.2570   0.3610   0.2640
2.0000   3166.9300   3571.8200   171.7125   0.0580   3.6000   2.7000   4.1000   3.5000   -3.6970   -3.7550   -4.8400   -4.4920   -0.0930   0.3750   0.1820
2.0000   3111.3700   3420.6300   136.6691   2.2500   0.8000   3.7000   0.7000   2.3000   -1.9920   -4.2420   -3.0100   -4.2230   0.0060   0.6050   0.0710
2.0000   3211.6800   3426.7400   36.8955   -0.5730   4.1000   1.8000   -1.1000   2.3000   -4.2190   -3.6460   68.8910   -4.9550   -0.2640   0.2000   0.1070
2.0000   3121.3900   3533.1100   169.4919   1.4690   1.4000   3.2000   1.2000   3.0000   -2.5270   -3.9960   -3.2290   -4.7680   0.0010   0.3680   0.2260
2.0000   3251.8600   3584.4400   164.0135   0.0070   3.6000   2.8000   0.4000   4.2000   -3.8260   -3.8330   -2.3080   -5.0580   -0.1810   0.2430   0.1620
2.0000   3162.4300   3560.8700   164.4408   0.7510   2.8000   3.6000   1.5000   4.1000   -3.4020   -4.1530   -3.9770   -4.8070   -0.2690   0.1710   0.2260
2.0000   3365.0700   3580.7000   198.4177   -0.5250   4.9000   2.1000   -0.1000   1.0000   -4.1650   -3.6400   68.8910   -3.3960   -0.1340   0.1600   0.2340
2.0000   3160.4700   3281.3300   164.4036   1.3740   1.9000   4.5000   2.9000   0.8000   -2.9820   -4.3560   -4.5200   -1.3400   -0.2540   0.1780   0.1130
2.0000   3061.0500   3464.7800   192.1670   2.1660   0.8000   3.1000   1.8000   3.9000   -1.7320   -3.8980   -3.7900   -4.9080   0.0570   0.1500   0.2870
2.0000   3110.7900   3425.9000   137.3563   -0.8840   3.4000   1.1000   3.3000   3.8000   -3.7530   -2.8690   -4.6190   -4.8610   0.0200   0.3460   0.2240
2.0000   3180.1100   3372.1900   83.3391   -1.1000   4.7000   1.3000   0.9000   1.2000   -4.2860   -3.1860   -1.9770   -4.0530   0.0730   0.0500   0.2970
2.0000   3196.0900   3243.3600   184.5725   -0.1240   3.1000   2.0000   3.1000   4.3000   -3.5760   -3.4520   -4.4950   -4.9950   -0.3790   0.0840   0.0990
2.0000   3065.6000   3403.4300   183.2331   0.6710   3.3000   4.3000   2.8000   3.4000   -3.6420   -4.3130   -4.2260   -4.6970   0.0540   0.4030   0.0810
2.0000   3147.3800   3281.9400   171.2398   3.1660   0.3000   3.3000   2.5000   1.3000   -0.8580   -4.0240   -4.0570   -3.9520   0.1170   0.5490   0.3200
2.0000   3195.7400   3582.7800   170.5268   2.0140   1.0000   3.3000   2.5000   1.9000   -1.9210   -3.9350   -4.4720   -4.2540   -0.3950   0.1480   0.1530
2.0000   3135.9400   3521.9600   151.2157   1.6210   0.6000   3.3000   2.7000   3.9000   -2.4270   -4.0480   -4.4330   -4.9320   0.0290   0.1040   0.0980
2.0000   3138.7000   3305.2100   158.8714   1.4630   1.3000   3.7000   3.0000   2.2000   -2.7040   -4.1670   -4.4030   -4.4500   -0.1000   0.4650   0.0540
2.0000   3120.2000   3473.3500   138.3438   -0.3530   3.0000   1.5000   1.8000   4.0000   -3.5870   -3.2340   -3.8770   -4.8670   -0.3110   0.0860   0.1230
2.0000   3270.5400   3601.8500   182.7694   -1.0480   3.3000   1.0000   0.7000   4.4000   -3.5790   -2.5310   -3.2170   -4.9970   -0.1370   0.2310   0.7980
2.0000   3097.7100   3460.1800   155.4851   0.5340   2.5000   3.0000   2.1000   2.9000   -3.4050   -3.9390   -4.0980   -4.6210   0.0660   0.5280   0.1530
2.0000   3230.6900   3557.5300   138.1527   1.5240   1.5000   3.5000   2.2000   2.3000   -2.6470   -4.1710   -4.3030   -4.3650   -0.5680   0.2040   0.0450
2.0000   3287.6000   3554.6000   139.8416   1.4440   1.4000   3.6000   1.3000   2.4000   -2.8330   -4.2770   -4.0140   -4.4070   -0.1470   0.5710   0.1030
2.0000   3055.9300   3403.9700   192.8164   0.2290   3.0000   2.7000   0.5000   4.0000   -3.5620   -3.7910   -3.4280   -4.6850   -0.0450   0.2270   0.8920
2.0000   3356.3500   3580.6300   193.3447   0.4760   2.8000   3.0000   0.9000   1.7000   -3.4690   -3.9450   -3.1760   -3.2810   0.1340   0.1340   0.3100
2.0000   3290.9700   3541.6700   128.5779   1.5500   1.3000   3.7000   1.4000   0.9000   -2.7880   -4.3380   -3.5320   -3.5270   -0.1660   0.4010   0.2280
2.0000   3167.3500   3478.8700   99.6050   2.2360   0.7000   3.5000   -0.7000   1.7000   -2.0270   -4.2630   68.8910   -4.3860   0.1400   0.4300   0.0650
2.0000   3224.7200   3565.3200   146.7140   0.1040   3.1000   2.6000   2.6000   3.6000   -3.6970   -3.8010   -4.3560   -4.7690   -0.2400   0.2430   0.1180
2.0000   3082.3600   3312.9100   197.5320   0.8750   2.1000   3.6000   1.7000   4.0000   -3.1760   -4.0510   -3.8580   -4.8180   -0.4040   0.0650   0.1010
2.0000   3066.1900   3433.8600   182.3412   1.2950   1.1000   3.0000   3.1000   1.0000   -2.5730   -3.8680   -4.4350   -3.1830   -0.6390   0.6070   0.5740
2.0000   3169.7000   3575.4200   173.6266   -0.4330   3.1000   1.7000   1.7000   2.5000   -3.6700   -3.2370   -3.5810   -4.4450   0.1510   0.7650   0.3740
2.0000   3141.2600   3369.7000   118.2347   -0.9880   4.1000   1.3000   1.3000   0.7000   -4.0320   -3.0440   -4.0000   -3.8220   0.0830   0.2530   0.6260
2.0000   3111.3300   3459.8300   142.2620   1.4520   1.4000   3.5000   -1.2000   3.2000   -2.6860   -4.1380   68.8910   -4.7950   -0.4200   0.3300   0.1680
2.0000   3063.3700   3448.2200   186.7422   0.5890   2.2000   3.1000   3.8000   0.6000   -3.3380   -3.9270   -4.6130   -2.9620   0.1610   0.4720   0.0410
2.0000   3132.4500   3269.4800   190.1555   -0.3910   4.0000   2.2000   3.4000   2.2000   -3.8630   -3.4720   -4.6150   -3.9140   -0.0700   0.4090   0.1350
2.0000   3263.7700   3234.7900   186.3462   1.0660   2.0000   3.9000   0.4000   0.9000   -3.2380   -4.3040   -1.0040   -3.7190   -0.0870   0.7000   0.0600
2.0000   3146.7900   3492.1000   124.0245   1.6370   1.1000   4.0000   -1.1000   1.9000   -2.7040   -4.3410   68.8910   -4.2080   -0.0300   0.7610   0.0660
2.0000   3133.3200   3428.4700   114.9975   -1.0290   3.1000   0.9000   1.0000   3.2000   -3.7300   -2.7010   -2.9850   -4.6510   -0.0200   0.2230   0.3600
2.0000   3132.7700   3500.9500   140.5838   -0.8440   3.8000   1.3000   1.9000   2.8000   -3.9100   -3.0660   -3.8870   -4.3580   0.1350   0.8590   0.2970
2.0000   3279.3400   3556.2500   139.3402   -0.1040   3.0000   1.9000   3.2000   1.0000   -3.6800   -3.5760   -4.6800   -3.1600   -0.0870   0.1320   0.1280
2.0000   3255.2600   3605.6200   185.2898   3.6200   0.6000   3.0000   1.9000   3.9000   -0.2180   -3.8380   -3.5020   -4.7540   -0.0200   0.3090   0.0610
2.0000   3203.8800   3311.8300   117.2727   1.4240   0.8000   3.3000   2.1000   2.2000   -2.8420   -4.2660   -4.3250   -4.5080   -0.1440   0.2920   0.1070
2.0000   3251.0600   3287.2200   133.2852   1.1140   1.0000   3.1000   0.4000   -0.3000   -3.1070   -4.2210   -3.2210   68.8990   0.1590   0.3060   0.3170
2.0000   3105.1600   3498.0500   162.5820   0.1250   3.3000   2.5000   2.7000   1.9000   -3.6010   -3.7260   -4.4550   -4.1430   -0.2690   0.2540   0.1860
2.0000   3138.0900   3462.4800   117.7011   -1.9740   4.4000   0.6000   0.6000   1.0000   -4.1240   -2.1500   -2.7490   -3.9490   -0.1400   0.3080   0.4950
2.0000   3312.1300   3539.3300   135.0375   1.4720   1.5000   3.0000   -0.8000   3.3000   -2.7300   -4.2020   68.8910   -5.0650   0.1000   0.3950   0.0570
2.0000   3063.9100   3420.7000   184.1291   0.1270   3.3000   2.6000   1.2000   2.6000   -3.6310   -3.7580   -3.6530   -4.4340   -0.0490   0.1680   0.0620
2.0000   3117.8800   3407.6400   130.7899   -1.0540   4.2000   1.2000   1.5000   1.0000   -4.0370   -2.9830   -3.7130   -3.2490   0.0920   0.3320   0.1140
2.0000   3149.3000   3294.1400   160.3400   -1.0200   4.2000   1.3000   1.3000   0.6000   -4.0160   -2.9960   -2.5610   68.8990   0.0930   0.3220   0.1620
2.0000   3127.0300   3479.1000   134.4639   1.8650   1.0000   3.5000   -0.9000   1.9000   -2.2730   -4.1380   68.8910   -4.3960   0.0670   0.6110   0.2480
2.0000   3120.3300   3504.2600   152.7422   1.3550   1.2000   3.2000   1.0000   0.5000   -2.6720   -4.0270   1.5670   68.8990   -0.0280   0.6880   0.1590
2.0000   3168.9800   3327.8000   121.8123   -1.1940   3.4000   0.8000   0.5000   1.9000   -3.8590   -2.6650   -1.3200   -4.0840   -0.0500   0.3780   0.2750
2.0000   3054.3000   3466.4600   199.1225   -0.1380   3.4000   2.3000   1.2000   1.7000   -3.6990   -3.5610   -3.6500   -4.0660   0.1360   0.8700   0.1100
2.0000   3159.9000   3401.8800   90.0783   -0.3340   3.1000   1.8000   1.5000   0.5000   -3.8880   -3.5540   -4.0520   -2.8130   -0.2480   0.4390   0.0360
2.0000   3097.0100   3523.2500   182.6836   0.7410   2.2000   3.4000   1.5000   0.7000   -3.2840   -4.0250   -3.6870   -2.4010   0.0630   0.2730   0.2580
2.0000   3069.9500   3481.4100   188.2266   1.2750   1.5000   3.2000   -0.4000   2.3000   -2.6860   -3.9610   68.8910   -4.0540   0.1350   1.1560   0.0550
2.0000   3195.1700   3499.8600   95.3821   -0.8360   3.1000   1.0000   0.3000   1.5000   -3.8020   -2.9660   -3.2310   -4.2530   0.1460   0.6780   0.1740
2.0000   3274.6900   3565.2000   147.1624   -0.5450   3.6000   1.7000   0.7000   -0.3000   -3.8750   -3.3300   -3.1650   68.8990   0.0680   0.6960   0.1550
2.0000   3290.7000   3556.1500   142.2278   -0.1140   3.0000   2.2000   1.9000   -1.6000   -3.7770   -3.6630   -4.1660   68.8990   -0.0570   1.0520   0.2070
2.0000   3077.2300   3459.7000   175.2559   -0.2920   3.0000   1.8000   1.1000   1.0000   -3.6030   -3.3110   -3.0050   -2.7370   -0.2430   0.3970   0.4460
2.0000   3119.8900   3481.8800   142.1029   -0.0820   3.1000   2.1000   2.2000   -0.3000   -3.6580   -3.5760   -4.2230   68.8990   0.1110   0.3970   0.3260
2.0000   3241.7300   3591.7800   171.4251   -0.8590   3.0000   1.1000   1.5000   1.5000   -3.6320   -2.7730   -3.5140   -3.4920   -0.6190   0.0650   0.1050
2.0000   3264.6700   3601.5600   181.8511   -1.0030   3.0000   0.8000   1.3000   0.7000   -3.5400   -2.5370   -3.2870   -2.4530   -0.3230   0.4460   0.1860
