# Object Xpix        Ypix        DisfromSN   Sub    S/N 435   S/N 555   S/N 625   S/N 814   AbsMag 435 AbsMag 555 AbsMag 625 AbsMag 814 Sharp Round Crowd
1.0000   3363.5200   3387.8000   120.3601   0.4520   20.4000   17.4000   16.5000   51.4000   24.0840   23.6320   23.0630   21.8770   -0.7910   0.2810   0.2190
1.0000   3244.3700   3304.1400   115.8743   5.3850   0.8000   43.9000   2.4000   3.4000   28.7390   23.3540   26.7290   26.0650   0.5800   0.3520   0.0170
1.0000   3287.1700   3439.8000   44.3148   0.5770   32.1000   31.6000   41.8000   55.7000   24.5660   23.9890   22.9300   22.8330   -0.1760   0.0800   0.0050
1.0000   3283.0400   3378.8000   54.3633   0.7780   21.6000   24.3000   39.0000   48.2000   24.9790   24.2010   22.9820   22.9290   -0.0120   0.0530   0.0440
1.0000   3062.3200   3377.2600   190.0797   6.0250   0.8000   42.4000   1.8000   2.5000   29.5530   23.5280   27.2100   27.1460   0.5890   0.0900   0.0200
1.0000   3362.3000   3386.2500   119.6127   0.1370   8.3000   5.1000   4.0000   20.9000   25.1620   25.0250   24.9300   22.9080   -0.3220   0.5010   0.6140
1.0000   3353.0400   3445.5600   108.5599   1.4780   1.9000   4.5000   8.7000   23.6000   27.5030   26.0250   24.5990   23.6620   -0.3040   0.3790   0.2500
1.0000   3359.5800   3384.0000   117.6737   -0.7030   3.7000   1.0000   4.3000   10.2000   26.0520   26.7550   24.3020   23.7870   -0.5120   0.8410   0.2450
1.0000   3187.7100   3515.0700   112.3536   0.5460   29.6000   28.7000   38.2000   44.5000   25.1090   24.5630   23.5700   23.6300   -0.1380   0.0480   0.0130
1.0000   3364.8600   3403.3300   118.4953   -1.7610   5.8000   0.5000   -1.7000   11.9000   25.7410   27.5020   99.9990   23.7350   -0.6530   0.8490   0.0950
1.0000   3357.7700   3388.6200   114.6026   -0.9310   2.4000   0.5000   -1.8000   10.6000   26.6240   27.5550   99.9990   23.7830   -0.4730   0.6380   0.2150
1.0000   3360.1400   3405.1900   113.5670   0.5600   3.4000   3.3000   -4.0000   12.2000   26.3890   25.8290   99.9990   23.8090   -0.4440   0.5870   0.1720
1.0000   3351.2400   3445.8600   106.8838   0.8090   2.3000   2.5000   9.3000   10.8000   27.5370   26.7280   24.4760   24.5400   -0.5330   0.1170   0.4020
2.0000   3396.7800   3373.4900   156.3117   1.2510   2.3000   4.0000   0.3000   8.7000   26.8200   25.5690   99.9990   24.1940   -0.9890   1.4720   0.0820
1.0000   3359.6300   3401.0400   113.6784   0.3060   4.9000   3.6000   -0.7000   9.1000   25.9410   25.6350   99.9990   24.0390   -0.2430   0.9600   0.3300
1.0000   3318.1100   3372.5900   85.0013   -1.6000   2.1000   0.2000   0.3000   9.7000   27.3400   28.9400   29.4220   24.5600   -0.6270   0.3730   0.0270
2.0000   3392.8600   3374.5900   152.2420   72.6240   -1.5000   0.7000   8.3000   2.2000   99.9990   27.3750   24.0550   25.6130   -0.8790   1.5820   0.0840
1.0000   3221.2200   3261.0400   161.0955   7.1990   0.0000   1.4000   0.2000   16.7000   35.1670   27.9680   29.3660   24.2890   0.1260   0.1410   0.3520
1.0000   3325.2200   3378.7000   87.9638   0.7850   1.9000   2.2000   2.5000   10.9000   27.4030   26.6180   26.3990   24.3350   -0.7150   0.5280   0.0420
1.0000   3318.3900   3331.1500   113.6179   73.4840   -0.3000   3.3000   1.0000   12.0000   99.9990   26.5150   26.8880   24.5430   -0.1380   0.3260   0.0580
2.0000   3354.3400   3405.7600   107.7423   0.8120   2.2000   2.6000   -1.8000   8.6000   26.9510   26.1390   99.9990   24.2670   -0.5460   0.6510   0.0500
1.0000   3356.2300   3396.3200   111.2345   -1.2060   4.6000   0.9000   0.9000   9.4000   26.0150   27.2210   99.9990   24.0020   -0.6230   0.3810   0.0740
1.0000   3327.8700   3368.1400   95.6008   1.1650   1.6000   2.3000   5.3000   8.7000   27.5880   26.4230   25.0980   24.5580   -0.5930   0.5530   0.0180
1.0000   3390.2000   3334.8300   166.1359   0.2720   6.7000   5.5000   11.1000   10.3000   26.0650   25.7930   24.2570   24.5350   -0.0690   0.5920   0.0240
1.0000   3400.2200   3343.0200   170.9764   1.7410   1.1000   2.6000   1.7000   9.5000   28.1620   26.4210   26.1010   24.5510   -0.3040   1.2960   0.0360
2.0000   3419.6200   3373.1800   178.3291   0.6380   1.2000   1.0000   0.0000   8.5000   27.9940   27.3560   30.4030   24.5530   -0.6920   1.5590   0.0810
1.0000   3389.8500   3378.9800   148.0969   73.3800   -2.7000   1.3000   11.0000   2.2000   99.9990   26.6190   23.6000   25.4670   -1.3230   0.7910   0.0970
2.0000   3361.4300   3403.3100   115.1032   -0.4340   4.9000   1.9000   -1.2000   8.2000   25.9050   26.3390   99.9990   24.1650   -0.4580   0.7410   0.4720
2.0000   3397.1500   3378.9200   155.1407   -0.8160   3.2000   1.0000   8.1000   0.1000   26.3880   27.2040   24.1590   28.8260   -0.1570   1.2270   0.0320
1.0000   3354.1200   3448.9900   110.4609   0.5060   1.9000   1.7000   5.0000   9.2000   27.6510   27.1450   25.0010   24.7640   -0.5440   0.7270   0.2140
2.0000   3317.1300   3412.0100   70.0449   -2.0860   2.2000   0.2000   1.0000   8.7000   27.3760   29.4620   27.6220   24.6960   -0.6260   0.3490   0.0220
2.0000   3237.2400   3425.8700   11.8688   -71.0760   0.8000   -0.9000   1.0000   8.3000   28.9230   99.9990   27.1300   25.2120   0.5200   0.7260   0.2670
1.0000   3253.0600   3500.9000   81.1171   -74.1610   12.7000   -1.0000   -0.7000   -1.9000   25.8380   99.9990   29.6230   99.9990   0.6100   0.1660   0.0590
2.0000   3294.6100   3367.2400   70.6841   1.0350   0.2000   0.3000   0.9000   8.0000   29.7830   28.7480   26.7760   24.9740   -0.4960   0.5100   0.0220
2.0000   3314.5000   3354.3800   93.7334   72.6010   -0.1000   1.3000   0.5000   8.0000   99.9990   27.3980   28.7790   24.8930   0.0720   0.6020   0.0720
1.0000   3276.1800   3437.8200   33.7475   2.1440   0.6000   2.1000   5.2000   10.4000   29.2920   27.1480   25.4400   24.8110   -0.2750   0.2430   0.0820
1.0000   3349.5200   3449.4800   106.1645   2.7180   0.9000   5.8000   4.0000   8.2000   28.5610   25.8430   25.3770   24.9040   -0.4970   0.7070   0.0760
1.0000   3279.0200   3345.7500   80.6214   4.9180   -0.1000   2.2000   -0.0000   8.6000   32.0400   27.1220   99.9990   25.1100   -0.3480   0.8660   0.0740
2.0000   3274.4600   3401.9000   32.4238   1.2680   0.8000   1.2000   2.0000   8.5000   28.8960   27.6280   26.1640   24.9660   0.2900   1.0740   0.0330
1.0000   3269.9000   3417.6300   22.4832   0.9630   2.5000   3.4000   4.1000   10.3000   27.5540   26.5910   25.7250   24.7970   -0.3000   0.2030   0.0520
2.0000   3284.9200   3443.2100   44.0158   71.7250   -0.5000   0.7000   1.2000   8.1000   99.9990   28.2740   28.0440   25.0830   -0.3110   0.3760   0.5460
1.0000   3311.1900   3255.0600   176.7685   -72.0800   2.4000   -0.2000   6.7000   12.9000   27.9190   99.9990   25.4020   24.9640   -0.1860   0.3430   0.0240
1.0000   3424.6100   3500.9600   194.7135   72.3010   -0.2000   1.5000   6.6000   10.2000   99.9990   27.6980   25.4260   25.1520   -0.4880   0.6830   0.3190
1.0000   3074.5800   3433.8400   173.5142   1.4490   1.8000   4.2000   3.3000   11.0000   28.4120   26.9630   26.3720   25.2570   -0.7520   0.5760   0.9730
1.0000   3175.3000   3520.8400   124.0686   1.8160   1.2000   3.8000   2.3000   8.5000   28.8780   27.0620   26.9350   25.2610   -0.0340   0.1190   0.1230
1.0000   3257.5000   3453.9300   35.3898   0.3560   1.7000   1.4000   1.7000   9.1000   28.1240   27.7680   27.0190   25.1210   -0.0110   0.2910   0.1750
2.0000   3306.7700   3436.1300   61.3956   1.1960   1.0000   1.5000   -1.1000   8.9000   28.5670   27.3710   99.9990   24.8690   -0.0370   0.4780   0.0880
1.0000   3244.8100   3292.7800   127.2203   -71.9760   2.2000   -0.4000   3.7000   11.6000   28.0230   99.9990   26.5620   25.1090   -0.2250   0.0310   0.0610
1.0000   3297.5100   3489.5500   85.6641   2.3140   0.9000   4.0000   7.3000   8.5000   28.9230   26.6090   25.2800   25.2800   0.0060   0.5440   0.0080
1.0000   3243.4900   3486.9900   67.1412   2.2410   0.8000   3.6000   4.8000   10.9000   29.1310   26.8900   25.7890   25.1120   -0.1390   0.3720   0.1190
2.0000   3252.3000   3334.4300   85.6734   1.2980   0.3000   0.6000   4.1000   9.1000   29.9520   28.6540   25.8940   25.1840   -0.0600   0.3440   0.1060
2.0000   3218.2300   3373.2700   55.1362   72.5930   -0.3000   2.0000   -0.2000   9.2000   99.9990   27.4060   99.9990   25.2260   0.2800   0.4640   0.0350
2.0000   3256.9800   3433.5000   16.4975   0.7540   1.8000   2.1000   1.5000   8.2000   27.9140   27.1600   27.4780   25.1440   -0.2010   0.2090   0.2020
1.0000   3309.7700   3263.7000   168.2062   0.7840   1.9000   1.9000   6.9000   10.0000   28.2840   27.5000   25.5310   25.2320   -0.2160   0.1750   0.0960
1.0000   3226.1500   3370.5800   53.8234   2.8160   0.6000   4.1000   5.2000   9.4000   29.4600   26.6440   25.5320   25.1730   -0.3890   0.2380   0.0150
2.0000   3390.8900   3512.5900   170.6687   2.0090   0.5000   1.8000   1.9000   8.0000   29.5940   27.5850   27.2040   25.4220   -0.3080   0.2930   0.1740
2.0000   3236.3500   3386.6400   35.1589   0.0000   -0.1000   -1.6000   1.6000   8.1000   99.9990   99.9990   26.1350   25.2260   -0.3050   0.3150   0.0340
1.0000   3110.2700   3437.9600   138.4427   0.0000   -0.4000   -1.0000   3.3000   11.0000   99.9990   99.9990   26.8100   25.3640   -0.2780   0.1080   0.0920
1.0000   3208.2700   3443.6400   45.8506   1.0820   2.6000   4.0000   4.6000   11.2000   27.8390   26.7570   25.7650   25.0810   -0.0830   0.0380   0.0380
1.0000   3124.8000   3395.2400   125.2058   1.0560   1.1000   2.0000   2.2000   10.1000   28.7390   27.6830   27.0050   25.3590   0.0540   0.1500   0.0790
2.0000   3356.9700   3301.5800   161.2190   -71.6120   1.3000   -0.6000   0.2000   8.0000   28.3870   99.9990   28.9310   25.1810   -0.0780   0.3800   0.0660
2.0000   3328.7300   3465.8300   93.2471   73.4620   -1.1000   2.6000   2.2000   8.1000   99.9990   26.5370   26.0370   25.0720   0.2310   0.6500   0.0580
1.0000   3289.5300   3272.2600   153.5636   72.2430   -0.2000   1.6000   6.9000   8.1000   99.9990   27.7560   25.3870   25.4600   -0.2930   0.2120   0.2690
1.0000   3294.7300   3257.3400   169.3394   0.2690   3.0000   2.5000   3.2000   11.2000   27.6140   27.3450   26.4740   25.1580   -0.4920   0.0990   0.0460
2.0000   3286.2100   3462.9800   57.8379   1.9680   0.9000   3.3000   0.5000   8.7000   28.6720   26.7040   29.0310   25.1290   -0.0180   0.2760   0.1330
1.0000   3155.5200   3441.8500   94.5843   2.1710   0.6000   2.6000   2.6000   10.0000   29.5060   27.3350   26.7190   25.3560   -0.1830   0.2880   0.0580
2.0000   3374.2100   3275.3400   192.2594   72.5760   -0.8000   2.0000   2.8000   8.0000   99.9990   27.4230   26.4540   25.3260   -0.1860   0.3440   0.0240
1.0000   3156.3000   3356.4700   111.1617   3.8180   0.2000   2.3000   3.1000   10.0000   31.4040   27.5860   26.4370   25.3850   -0.1460   0.1580   0.1730
1.0000   3306.1200   3266.2000   164.5517   -0.3250   2.0000   0.9000   4.6000   9.1000   28.0390   28.3640   25.8130   25.3420   -0.3570   0.3460   0.0640
2.0000   3236.4100   3460.4400   41.9714   0.9240   1.8000   2.5000   1.7000   8.8000   28.1460   27.2220   27.0560   25.2830   -0.3960   0.5360   0.1300
1.0000   3200.3500   3451.9500   57.0040   1.1870   1.8000   3.1000   4.0000   9.6000   28.2310   27.0440   25.9430   25.2780   -0.5090   0.3710   0.0840
2.0000   3271.0400   3374.7500   50.9631   72.5550   0.1000   1.5000   1.9000   8.0000   99.9990   27.4440   26.6450   25.0850   -0.0350   0.5600   0.1120
1.0000   3098.0200   3546.1300   195.6324   0.1850   1.6000   1.1000   5.0000   11.2000   28.7470   28.5620   26.2010   25.4530   -0.6530   0.5700   0.4300
2.0000   3199.3800   3381.1700   61.8450   72.3150   -0.8000   1.6000   3.5000   8.6000   99.9990   27.6840   26.1060   25.3750   0.1180   0.2190   0.0180
1.0000   3281.7800   3286.4400   137.8513   0.3270   2.5000   2.1000   3.0000   10.2000   27.7590   27.4320   26.3500   25.1750   -0.3650   0.2270   0.1070
2.0000   3268.7000   3264.8000   156.6072   0.8690   1.1000   1.6000   2.8000   8.7000   28.7170   27.8480   26.4220   25.4550   -0.5470   0.5150   0.0590
2.0000   3358.4100   3504.0800   139.1643   -0.0100   2.1000   1.1000   2.6000   8.0000   28.0060   28.0160   26.3960   25.3690   -0.4590   0.3760   0.0710
2.0000   3209.9900   3289.5300   135.7379   -0.0460   0.3000   0.3000   -0.0000   8.3000   29.9310   29.9770   28.5820   25.5420   0.2360   0.2400   0.2440
2.0000   3202.7700   3365.1500   70.7786   0.8460   1.6000   2.2000   1.1000   8.3000   28.2750   27.4290   27.2190   25.4300   -0.0980   0.3830   0.1190
2.0000   3395.0600   3496.8100   166.3330   0.9890   2.3000   3.7000   2.9000   8.1000   27.7530   26.7640   26.3640   25.3280   0.0080   0.4220   0.0270
2.0000   3220.8900   3492.5900   77.3543   0.0160   1.0000   0.5000   2.7000   8.0000   28.9380   28.9220   26.6720   25.5140   -0.5890   0.4480   0.4470
2.0000   3249.7200   3495.7400   75.8004   1.8640   0.8000   2.7000   2.2000   8.1000   29.0690   27.2050   26.7890   25.4740   -0.0430   0.5360   0.1590
1.0000   3401.0200   3526.6500   186.9140   0.9900   1.6000   1.9000   2.0000   8.2000   28.2550   27.2650   26.7910   25.4780   -0.5550   0.4700   0.2050
1.0000   3282.8500   3572.1100   156.1830   0.9960   2.1000   3.6000   4.3000   11.3000   28.1410   27.1450   26.2430   25.3330   -0.2650   0.3680   0.7030
1.0000   3095.1700   3545.8800   197.6598   -0.1150   4.5000   3.2000   6.3000   10.8000   27.1590   27.2740   25.9040   25.4100   -0.3320   0.7380   0.8730
2.0000   3090.3600   3509.0100   180.6466   0.1260   1.0000   0.7000   2.0000   8.1000   29.2090   29.0830   26.8550   25.7450   0.3580   0.4750   0.2190
1.0000   3258.4400   3222.2200   198.0512   1.5020   1.5000   3.5000   2.6000   10.4000   28.7020   27.2000   26.7970   25.4660   -0.3220   0.1980   0.0610
1.0000   3155.0200   3544.7500   155.3369   -1.0510   1.5000   0.3000   3.7000   9.6000   28.7300   29.7810   26.4010   25.5930   -0.2090   0.7070   0.0990
1.0000   3169.3500   3282.1500   158.4555   -0.9080   4.6000   1.2000   3.5000   10.8000   27.3950   28.3030   26.3770   25.4100   -0.2440   0.5180   0.0730
1.0000   3257.1500   3254.2200   166.0294   2.2920   1.0000   4.2000   3.6000   9.1000   29.1560   26.8640   26.4890   25.4960   -0.0610   0.3550   0.0220
1.0000   3335.9400   3553.1500   159.8480   1.2360   1.3000   2.4000   4.8000   8.5000   28.7020   27.4660   26.0850   25.5590   -0.4360   0.2640   0.0640
2.0000   3161.6700   3375.1600   96.8582   -1.3310   1.4000   0.2000   1.7000   8.2000   28.6060   29.9370   26.8580   25.5510   -0.1830   0.4190   0.0240
2.0000   3272.5600   3586.4600   168.3587   2.3100   0.6000   2.4000   3.0000   8.5000   29.8730   27.5630   26.8100   25.7370   -0.6210   0.3310   0.1080
2.0000   3319.0300   3558.7900   156.1463   -0.4540   2.3000   0.8000   2.2000   8.4000   28.2090   28.6630   26.8310   25.6210   -0.0360   0.6570   0.1360
1.0000   3119.6200   3413.1400   128.1013   -0.0230   2.6000   1.5000   1.5000   9.6000   27.9720   27.9950   28.1610   25.4820   -0.1670   0.1170   0.2930
2.0000   3301.4600   3462.3900   68.6065   0.3720   0.5000   0.3000   1.4000   8.3000   29.8810   29.5090   26.8280   25.1470   -0.0970   1.1020   0.0900
2.0000   3076.3100   3386.4800   174.4735   71.6020   -0.3000   1.2000   0.4000   8.1000   99.9990   28.3970   99.9990   25.7780   -0.0830   0.7880   0.0460
2.0000   3244.9800   3526.1900   106.2498   0.6250   1.6000   1.6000   0.9000   8.2000   28.5080   27.8830   27.8820   25.5620   -0.5210   0.0870   0.2330
2.0000   3287.2100   3536.7800   123.3618   0.3970   2.1000   1.6000   2.0000   8.4000   28.1860   27.7890   27.0900   25.5450   -0.0290   0.4550   0.4040
1.0000   3096.6300   3374.3900   157.6425   0.0950   3.4000   2.2000   3.4000   9.7000   27.8020   27.7070   26.4000   25.5300   -0.5390   0.2140   0.0500
2.0000   3137.1900   3315.4400   151.9988   0.6460   1.8000   2.0000   -0.1000   9.1000   28.4820   27.8360   29.2710   25.6050   -0.2200   0.4890   0.1260
1.0000   3285.0400   3598.2000   182.1315   -0.3060   1.7000   0.7000   4.8000   8.8000   28.7350   29.0410   26.1090   25.7420   -0.2450   0.2100   0.1700
1.0000   3118.5000   3515.7000   160.6708   0.5890   2.1000   2.1000   4.2000   9.4000   28.3200   27.7310   26.4070   25.5910   -0.1570   0.2810   0.1490
2.0000   3101.8600   3518.7600   176.0160   0.8470   0.7000   0.8000   3.1000   8.6000   29.6440   28.7970   26.6990   25.7410   -0.1220   0.2460   0.1920
1.0000   3080.4400   3447.8400   169.4071   1.9710   0.7000   3.1000   4.1000   8.5000   29.2710   27.3000   26.3020   25.7010   -0.1710   0.1660   0.0600
2.0000   3116.6000   3476.1200   142.4701   1.1300   0.5000   0.6000   4.8000   8.0000   30.1860   29.0560   26.0590   25.7440   -0.4630   0.0850   0.0340
2.0000   3313.3400   3569.8900   163.7238   -0.7340   1.9000   0.6000   3.3000   8.1000   28.4100   29.1440   26.5630   25.7130   0.0550   0.2170   0.1930
2.0000   3132.7900   3552.9500   175.6438   1.1090   1.2000   2.1000   2.2000   8.8000   28.9520   27.8430   27.1720   25.7350   -0.6200   0.0920   0.0610
2.0000   3137.4600   3276.0400   181.2002   -71.6520   2.0000   -0.8000   3.5000   8.7000   28.3470   99.9990   26.5160   25.7200   0.0930   0.1980   0.4860
2.0000   3131.0600   3356.7800   132.5159   -0.6740   2.4000   0.9000   0.7000   8.4000   28.0870   28.7610   28.0320   25.6340   -0.2080   0.4120   0.0420
2.0000   3137.9300   3417.7500   109.6315   0.1970   2.8000   2.0000   3.3000   8.2000   27.9080   27.7110   26.6510   25.6290   -0.2100   0.1940   0.1320
1.0000   3301.4900   3589.9700   178.3546   0.7540   1.8000   2.3000   4.6000   8.0000   28.4270   27.6730   26.0780   25.7970   -0.3250   0.3810   0.1150
2.0000   3237.0400   3577.0400   157.4195   0.4430   2.0000   1.9000   0.9000   8.3000   28.4050   27.9620   27.8390   25.7640   0.0150   0.2610   0.0380
1.0000   3095.8900   3420.9900   151.6524   3.6070   0.4000   3.8000   4.1000   8.7000   30.6650   27.0580   26.2850   25.6570   -0.0700   0.0860   0.0680
2.0000   3323.7600   3586.7200   183.3436   1.2950   0.4000   1.3000   3.3000   8.1000   29.5220   28.2270   26.6260   25.7400   -0.4610   0.1380   0.0860
2.0000   3186.9800   3320.1300   116.7716   0.2380   3.7000   2.6000   2.9000   8.0000   27.6040   27.3660   26.8130   25.5760   -0.1280   0.3600   0.0910
2.0000   3182.4100   3240.9500   190.5001   0.6410   1.1000   1.1000   1.3000   8.2000   29.2520   28.6110   27.8350   25.8120   0.1290   0.1940   0.0750
2.0000   3109.2300   3305.9500   179.2489   -71.3560   1.7000   -0.2000   2.9000   8.2000   28.6430   99.9990   27.0350   25.8010   -0.3230   0.4790   0.0350
2.0000   3145.9100   3291.9200   163.4794   0.2970   2.1000   1.7000   4.4000   8.1000   28.3300   28.0330   26.1250   25.7700   -0.6570   0.0260   0.1450
2.0000   3188.3800   3247.3900   182.4390   -1.1510   2.2000   0.4000   2.6000   9.0000   28.3380   29.4890   26.7800   25.6610   -0.2060   0.6350   0.1000
2.0000   3345.1000   3579.2900   186.8173   0.3090   0.2000   0.1000   5.6000   8.4000   30.8430   30.5340   25.9280   25.7020   -0.2430   0.4700   0.4930
1.0000   3081.9700   3513.3900   190.1058   0.0510   3.4000   2.0000   2.4000   9.0000   27.9090   27.8580   26.7310   25.7060   -0.3620   0.3450   0.1700
1.0000   3323.4600   3592.8700   188.8334   1.2250   2.3000   3.9000   3.7000   8.4000   28.2620   27.0370   26.4640   25.7620   -0.1920   0.4720   0.0870
2.0000   3055.8300   3374.9800   196.9176   1.4090   1.5000   3.3000   2.9000   8.0000   28.7410   27.3320   26.9340   25.8400   -0.5960   0.3830   0.1890
1.0000   3251.8800   3601.4400   181.5209   1.1210   2.0000   3.2000   4.9000   8.3000   28.4870   27.3660   26.3090   25.8450   -0.1460   0.2260   0.0560
2.0000   3194.5200   3240.5900   187.0523   -0.5200   3.1000   1.3000   2.4000   8.0000   27.8090   28.3290   27.0600   25.7710   0.1560   0.0720   0.1120
2.0000   3100.6200   3284.5000   199.8439   0.6370   2.7000   2.9000   2.4000   8.0000   28.0690   27.4320   26.7330   25.8830   -0.2390   0.2510   0.0790
2.0000   3246.4600   3598.7400   178.7723   -70.7160   1.0000   -0.3000   1.8000   9.0000   29.2830   99.9990   27.4690   25.7550   -0.0110   0.2170   0.2110
