# Object Xpix        Ypix        DisFromSN   Sub    S/N 435  S/N 555  S/N 625  S/N 814   AbsMag 435 AbsMag 555 AbsMag 625 AbsMag 814 
1.0000   3276.1800   3437.8200   33.7475   0.6210   0.6000   2.1000   5.2000   10.4000   -1.8340   -3.9680   -5.6680   -6.2890
1.0000   3269.9000   3417.6300   22.4832   0.9200   2.5000   3.4000   4.1000   10.3000   -3.5720   -4.5250   -5.3830   -6.3030
2.0000   3284.7600   3400.7900   41.8726   0.5610   1.1000   1.4000   3.4000   6.0000   -2.8050   -3.6960   -5.2540   -5.8150
1.0000   3208.2700   3443.6400   45.8506   0.6760   2.6000   4.0000   4.6000   11.2000   -3.2870   -4.3590   -5.3430   -6.0190
2.0000   3270.1200   3407.9600   25.5767   0.6600   2.1000   1.8000   3.0000   6.9000   -3.3860   -3.9120   -5.2310   -5.8910
2.0000   3250.9600   3444.3000   24.5683   0.7670   -0.3000   4.6000   3.5000   6.8000   68.8730   -4.7440   -4.9210   -5.6880
2.0000   3257.2600   3405.8900   17.1106   0.2050   1.6000   1.1000   4.4000   6.0000   -3.0610   -3.3760   -5.4860   -5.6910
2.0000   3265.8100   3418.9200   18.3012   -0.0040   0.4000   -0.8000   4.1000   5.1000   -1.2090   68.8830   -5.5180   -5.5140
2.0000   3220.1300   3401.4300   33.0911   0.6470   2.0000   0.6000   3.1000   6.9000   -3.0120   -2.3450   -4.9420   -5.5890
2.0000   3208.4600   3437.6300   42.8837   0.1350   2.8000   2.8000   4.6000   6.7000   -3.4190   -4.0730   -5.3350   -5.4700
2.0000   3214.8300   3408.3000   34.7288   0.7350   -1.0000   1.1000   3.4000   7.5000   68.8730   -2.9850   -4.9110   -5.6460
2.0000   3221.7600   3378.7500   48.6182   -0.4620   3.1000   2.4000   5.6000   4.2000   -3.6510   -3.9360   -5.4930   -5.0310
2.0000   3238.9900   3402.5000   19.4505   -0.2110   -1.1000   1.4000   4.0000   4.4000   68.8730   -3.4440   -5.4480   -5.2370
2.0000   3280.0100   3433.4600   35.1613   -0.5540   0.1000   1.4000   4.9000   3.6000   68.8730   -3.6300   -5.7180   -5.1640
2.0000   3231.3900   3372.9600   49.7074   0.1160   -0.1000   -0.2000   3.8000   4.8000   68.8730   68.8830   -5.0970   -5.2130
2.0000   3213.4200   3423.0800   34.2604   0.2680   -1.1000   1.2000   3.9000   5.9000   68.8730   -3.0780   -5.1210   -5.3890
2.0000   3226.8400   3416.0500   21.0671   -0.0740   1.2000   3.1000   3.2000   3.7000   -2.5150   -4.2880   -5.0220   -4.9480
2.0000   3205.9900   3428.7300   42.4622   -0.5570   3.3000   2.0000   5.0000   3.6000   -3.6030   -3.6320   -5.3320   -4.7750
2.0000   3247.4300   3453.3000   33.3292   0.2870   4.4000   1.8000   3.3000   4.8000   -4.0740   -3.6320   -4.9340   -5.2210
2.0000   3225.3900   3461.9800   47.4904   -0.3740   3.3000   -0.7000   3.7000   3.6000   -3.6170   68.8830   -5.1650   -4.7910
2.0000   3211.1400   3426.7500   37.0249   0.0960   3.2000   -0.1000   3.1000   3.7000   -3.6400   4.0100   -4.7440   -4.8400



1.0000   3287.1700   3439.8000   44.3148   0.0890  32.1000  31.6000  41.8000  55.7000   -6.5600   -7.1270   -8.1780   -8.2670
2.0000   3282.9700   3392.3500   44.9252  -0.1160  -0.3000   3.0000   4.4000   4.5000   68.8730   -4.5470   -5.6060   -5.4900
2.0000   3245.7200   3380.5800   39.4330   0.0030   0.4000   3.1000   4.6000   4.7000   -1.5340   -4.3280   -5.3030   -5.3060
2.0000   3256.8600   3370.3300   50.5085   0.1990   1.7000   0.0000   3.2000   4.0000   -3.1670   -0.1030   -4.9880   -5.1870
2.0000   3262.8300   3387.8700   35.5568  -0.4770  -1.0000  -0.1000   3.6000   3.3000   68.8730   68.8830   -5.5080   -5.0310
2.0000   3252.2600   3369.9400   50.2532   0.0220   1.1000   1.8000   3.1000   4.6000   -2.4740   -3.7980   -5.2880   -5.3100
2.0000   3278.1600   3390.4200   42.5548   0.1620  -0.6000   0.2000   3.1000   3.6000   68.8730   -0.6280   -5.0560   -5.2180
2.0000   3258.6600   3446.3000   28.5813  -0.1900   2.2000   1.2000   3.4000   3.0000   -3.3430   -3.3600   -4.9860   -4.7960

2.0000   XX3230.6500   3462.9200   46.1504   0.5060   0.4000   3.3000   3.3000   6.0000   -1.1390   -4.2020   -4.8710   -5.3770

