3345.95 3406.10
3341.16 3397.11
3335.05 3399.18
3330.25 3407.70
3335.45 3383.49
3327.12 3402.07
3330.55 3389.34
3316.83 3407.75
3345.85 3439.78
3321.37 3389.16
3328.35 3374.74
3329.72 3441.38
3303.87 3413.47
3308.08 3395.78
3315.04 3380.66
3339.99 3451.18
3305.97 3387.41
3322.34 3416.75
3320.18 3419.16
3325.55 3448.80
3294.75 3401.64
3324.36 3464.06
3302.58 3420.17
3252.39 3427.19
3248.21 3417.33
3262.93 3434.92
3246.47 3404.77
3240.11 3434.78
3295.22 3380.62
3237.20 3423.49
3245.21 3432.41
3257.31 3451.47
3250.37 3402.65
3249.58 3443.61
3295.96 3430.44
3242.57 3392.41
3253.07 3443.02
3245.32 3449.49
3257.44 3407.38
3272.43 3443.63
3292.00 3446.23
3288.69 3416.88
3275.79 3450.32
3234.08 3412.22
3270.96 3462.07
3232.80 3400.02
3274.81 3428.29
3201.28 3411.32
3269.20 3419.22
3259.99 3391.18
3228.64 3504.70
3168.82 3440.92
3288.62 3449.21
