# Object Xpix        Ypix       DisFromSN  S/N 435  S/N 555  S/N 625  S/N 814    Sharp      435      555        625      814      Round     435      555     625        814      Crowd    435      555      625      814
1.0000   3284.9900   3440.8900   39.9343   31.6000  31.5000  41.7000  54.4000   -0.1450   -0.1570   -0.1730   -0.0870   -0.1490   0.0820   0.2020   0.0530   0.0450  -0.0200   0.0230   0.0180   0.0130   0.0200   0.0400
1.0000   3281.0100   3379.9800   52.5196   21.7000  24.4000  38.8000  48.4000   -0.0150    0.0060   -0.0800    0.0140   -0.0250   0.0680   0.1330   0.0860  -0.0160   0.0740   0.0330   0.0320   0.0540   0.0250   0.0290
1.0000   3350.6300   3446.9200  103.9030    3.2000   3.9000   9.6000  27.3000   -0.3900   -0.5190   -0.0020   -0.4100   -0.4240   0.2450   0.5700   0.4520  -0.0020   0.2170   0.1930   0.1910   0.6460   0.2930   0.1300
1.0000   3185.5300   3515.8100  113.5362   29.4000  29.0000  37.6000  43.9000   -0.1120   -0.1130   -0.0900   -0.0840   -0.1560   0.0530   0.0490   0.0360   0.0880   0.0360   0.0170   0.0100   0.0150   0.0200   0.0300
1.0000   3307.8900   3395.1200   64.1480    1.4000  -1.1000   4.6000   6.9000   -0.5920   -1.1310    0.0000   -0.6240   -0.2340   0.3600   0.6920   0.0000   0.2810   0.2570   0.2440   4.9120   0.0000   0.0900   0.1860
1.0000   3339.9700   3444.4800   92.9688    1.4000   2.3000   3.0000   4.2000   -0.4690   -1.0370   -0.2290   -0.2450   -0.0780   0.6160   0.8290   0.3830   0.5500   1.0760   0.0380   0.0660   0.0130   0.9300   0.0430
1.0000   3334.9300   3411.3800   85.8893    3.7000   2.5000   6.8000   4.3000    0.1230    0.0770    0.6180    0.1340   -0.2010   0.5020   0.6330   0.6520   0.2090   0.7700   0.0650   0.0820   0.0460   0.0300   0.1530
1.0000   3348.7100   3447.1700  102.1003    1.3000   3.3000   7.7000   7.3000   -0.2360   -0.2320   -0.1030   -0.3110   -0.2330   0.1780   0.6140   0.1310  -0.2550   0.7210   0.8980   5.1490   0.7990   0.3580   1.0510
1.0000   3216.2100   3353.5700   76.3391    1.7000  -0.0000   4.3000   4.6000   -0.2000    0.6240   -9.9990   -0.0750   -0.7730   0.3340   0.7460   0.2420   0.3360   0.0180   0.0460   0.0540   0.0670   0.0210   0.0680
1.0000   3274.0300   3438.8800   29.5042    0.6000   1.9000   5.3000  10.4000   -0.3130   -1.4220    0.5960   -0.2510   -0.3060   0.2910   0.7130   0.0410   0.0970   0.4580   0.0430   0.0460   0.0650   0.0380   0.0330
2.0000   3351.9800   3450.0200  105.9869    0.8000   2.0000   5.2000   6.0000   -0.5070    0.6240   -1.0600   -0.6730   -0.5350   0.7350   2.8970   1.5570   0.3140  -0.0870   0.3010   0.5200   0.2900   0.2330   0.4270
1.0000   3255.1300   3490.4200   68.4730    0.8000   3.0000   3.1000   5.4000   -0.2160   -0.3900    0.5340   -0.2540   -0.5560   0.2350   0.3580   0.3740   0.9660   0.0150   0.3180   0.1520   0.0890   0.0930   0.1190
1.0000   3267.8200   3418.5700   18.4528    2.5000   3.6000   4.0000  10.2000   -0.3250   -0.3850   -0.2950   -0.1400   -0.3960   0.2110   0.4560  -0.1820   0.7810  -0.0050   0.0540   0.0660   0.0530   0.0660   0.0470
2.0000   3234.9400   3387.3400   37.8280   -0.3000   0.2000   6.3000   5.7000   -0.2210    0.1450   -4.5160    0.0520   -0.3850   0.4980   1.1130   0.5800   0.3770   0.5460   0.0800   0.0570   4.9410   0.0340   0.0410
2.0000   3310.0300   3387.5500   69.5358    1.0000   1.1000   4.2000   6.6000   -0.2250   -0.1570   -0.2140   -0.2370   -0.2650   0.5550   0.1630   1.8730   0.5650   0.2110   0.0560   0.1080   0.0530   0.0390   0.0520
2.0000   3311.6500   3441.3800   64.8436   -0.2000   3.5000   4.0000   4.4000   -0.2470   -1.2940   -0.6470    0.0920   -0.0010   0.7910   0.5400   0.7220   0.9040   0.7830   0.0470   0.0470   0.1020   0.0380   0.0500
2.0000   3282.3900   3401.7100   38.5432    0.6000   0.5000   3.7000   7.2000   -0.3590   -0.9930    0.0450   -0.3720   -0.2320   0.2360   0.6590   0.1020   0.3340   0.0740   0.0180   0.3300   0.0540   0.0090   0.0100
2.0000   3284.9800   3438.7200   38.9547    2.3000   1.6000   3.2000   7.7000   -0.4100   -1.0270    0.2960   -0.3370   -0.1520   0.1270  -0.1840   0.2220  -0.0440   0.4460   1.3690   1.6940   2.4820   5.4870   1.0800
2.0000   3347.6900   3450.4300  101.9669   -1.0000   3.4000   5.9000   5.7000   -0.3970    1.7780   -0.4810   -0.7150   -0.4960   0.7190   3.2220   0.2630   0.7650   0.6660   0.2030   0.1460   0.2680   0.1680   0.3540
1.0000   3241.3200   3487.8200   66.1940    0.4000   3.1000   4.3000  10.5000   -0.0800   -3.8200    0.9970    0.0720   -0.2010   0.5180   0.0560   1.4010   0.0140   0.3130   0.1780   0.6940   0.1310   0.2100   0.1170
2.0000   3250.3900   3335.6500   86.5137    0.3000   0.3000   4.0000   8.5000   -0.0960   -2.9130    0.8160    0.1570   -0.0680   0.4230   6.6260   0.1990  -0.0380   0.2710   0.1110   0.1190   0.0300   0.0630   0.1370
2.0000   3315.7500   3463.3300   77.8128    0.6000   1.9000   5.3000   6.5000   -0.2700   -0.9870   -0.4820    0.0510   -0.2600   0.6130   1.5050   0.2130   0.6840   0.5830   0.0970   0.2410   0.0110   0.0270   0.1540
1.0000   3295.0900   3490.6500   82.1533    0.7000   4.4000   6.9000   7.9000    0.0310    2.4550    0.1990   -0.2280   -0.4700   0.4350   3.6050   0.3160   0.3290  -0.0230   0.0110   4.5570   0.0040   0.0040   0.0050
2.0000   3300.3400   3356.9500   82.5522    1.2000   2.7000   3.6000   3.3000   -0.1790   -0.8490    0.0980   -0.0880    0.0560   0.5760   0.7780   1.0850  -0.0250   0.9620   0.1060   0.3070   0.0770   0.0650   0.1910
2.0000   3344.0400   3436.4200   95.3917    0.2000   2.3000   3.6000   4.9000   -0.0540    1.9430    0.4970   -0.2970   -0.5660   0.7220   2.0240   1.3030   0.3040   0.3780   0.1220   4.8680   0.0310   0.0270   0.0450
1.0000   3206.2500   3444.5400   48.8923    2.5000   4.1000   4.4000  11.3000   -0.0870    0.2880    0.0090   -0.1410   -0.3480   0.1320   0.2140  -0.0850   0.2470   0.1920   0.0300   0.0690   0.0160   0.0200   0.0200
1.0000   3212.1800   3405.2200   41.1856    0.3000   0.8000   7.1000   8.3000    0.1300    0.7540   -0.2220    0.2590   -0.2130   0.2910   1.0720   0.4230   0.0130   0.2810   0.3470   0.3260   5.3960   0.2410   0.2150
2.0000   3352.1600   3444.6300  104.8752   -1.8000   1.4000   3.9000   3.8000    0.2040    0.0000    2.2420   -0.1170   -0.3630   0.8360   0.0000   2.4500   0.6310  -0.0130   0.6930   0.0000   0.6680   0.6210   5.3050
2.0000   3255.1700   3406.9000   16.2051    1.6000   1.6000   4.6000   7.3000   -0.1530   -0.3410   -1.2190    0.0990    0.1080   0.2490   0.4020  -0.1160   0.5360   0.0430   0.0650   0.1610   0.1320   0.0510   0.0600
2.0000   3290.0500   3391.2300   50.8256    1.1000   1.2000   3.0000   3.9000   -0.2340   -1.0590   -0.1180    0.2280   -0.0610   0.3590  -0.7660   0.6170   1.2670  -0.1790   0.0290   0.0090   0.0450   0.0200   0.0570
2.0000   3313.5800   3322.0700  118.7280    1.8000   1.4000   3.7000   5.8000   -0.1640    0.2120   -0.0740   -0.4140   -0.3740   0.1180  -0.0800   0.2670  -0.0160   0.3620   0.0210   0.0060   0.1080   0.0060   0.0290
2.0000   3256.8100   3400.6900   22.6114    0.3000   4.3000   4.1000   6.6000    0.0480    3.9760    0.0120   -0.2360   -0.3360   0.5080   3.6600   0.6560   0.1390   0.1970   0.2180   5.2040   0.0680   0.0520   0.0740
2.0000   3243.8100   3381.6500   40.9399    0.6000   3.4000   5.0000   4.7000   -0.4670    0.7930   -0.7770   -0.2030   -0.9460   0.2410   1.3500   0.0480   0.2330   0.1500   0.1090   0.3880   0.2390   0.0750   0.1450
1.0000   3224.2700   3371.6200   56.5871    0.6000   3.8000   5.1000   9.1000   -0.4260   -2.0490    0.2150   -0.6450   -0.2460   0.2950   0.8230   0.3210   0.1090   0.3120   0.0130   0.0040   0.0070   0.0290   0.0110
2.0000   3280.9700   3339.4400   88.4270   -0.4000   2.9000   3.7000   7.3000   -0.5390   -2.3970   -0.5260   -0.3330   -0.4630   0.1550   0.1270   0.7660  -0.0380  -0.2360   0.1050   0.0120   0.1230   0.1030   0.1410
2.0000   3267.9300   3409.1500   22.3806    2.1000   1.9000   3.7000   7.5000    0.0960    0.0270    0.4350    0.1180   0.0090   0.1880   -0.3370   1.0790   0.3600  -0.0420   0.1200   0.0850   0.2140   0.1070   0.1700
2.0000   3323.8000   3385.9400   82.4610    0.1000  -1.0000   3.0000   4.3000   -0.4770   -1.0030   -2.0620   -0.1230   -0.4800   0.4470   1.2960   0.7310   0.1380   0.5650   0.0310   0.0110   0.0730   0.0280   0.0500
2.0000   3258.1700   3417.7300    9.5413    1.5000   4.3000   3.9000   6.4000    0.0140    0.7440    0.1610   -0.2110   -0.4650   0.3560  -0.1820   0.7240   0.6790  -0.1910   0.1320   0.3140   0.1220   0.1320   0.0920
1.0000   3197.4700   3382.1800   65.7917   -0.7000   1.9000   4.5000   8.9000    0.0430    0.0000    1.7330   -0.2010   -0.2980   0.3540   0.0000   2.2990   0.0960  -0.3370   0.0210   0.0000   0.0440   0.0210   0.0240
1.0000   3247.5200   3496.7600   74.6313    0.9000   3.0000   3.2000   9.3000   -0.0900    0.9960   -0.3880   -0.4510   -0.1190   0.2480  -0.4770   0.4220   0.2460   0.3100   0.0880   0.2050   0.0920   0.0840   0.0650
1.0000   3213.5500   3309.5900  118.2393    0.8000  -0.0000   5.1000   8.6000   -0.1490   -1.1200    0.8730   -0.3240   -0.1030   0.2360   0.4170  -0.5580   0.2010   0.4360   0.4580   0.2950   5.3890   0.0710   0.1650
2.0000   3232.0800   3429.2100   18.9962    1.5000   1.4000   5.1000   6.8000    0.0120    1.0530   -1.1770   -0.2040   -0.0360   0.6120   0.3980   0.6040   0.8210   0.4760   0.1200   0.2050   0.0900   0.0740   0.1320
2.0000   3292.5100   3475.6700   68.5141    0.6000   2.9000   3.6000   6.8000   -0.1620    0.2790   -0.4690   -0.2820   -0.1190   0.4970   0.2230   0.1170   0.5850   0.9130   0.0580   0.0620   0.0620   0.0570   0.0460
2.0000   3243.3600   3440.2200   19.1461    2.0000   4.2000   3.1000   7.5000   -0.1270   -0.5550    0.3350    0.0140   -0.2450   0.2940   0.4420   0.1950   0.1480   0.4140   0.1340   0.3880   0.0880   0.1180   0.1060
1.0000   3198.3800   3452.8300   59.8028    1.9000   2.8000   3.3000   8.8000   -0.4290   -1.0360    0.2370   -0.3530   -0.3670   0.5380   1.0560   1.0110   0.0970   0.1890   0.1270   0.0450   0.1560   0.2960   0.1460
2.0000   3247.9200   3346.4100   75.7725    0.0000   0.4000   5.3000   3.2000   -0.1100   -2.0640    0.3900    0.3550    0.2620   0.4570   0.5420  -0.9060   0.6900   1.2050   0.1080   0.1470   0.3790   0.0270   0.1780
2.0000   3321.2000   3329.1200  117.3288    4.0000   3.8000   1.5000   6.5000   -0.1550   -0.3040    0.2990   -0.2820   -0.2030   0.6270   0.7640   0.1880   3.3160  -0.0650   0.0210   0.0090   0.0160   0.0600   0.0360
2.0000   3248.8500   3445.2800   23.1353   -0.6000   4.5000   3.4000   6.2000   -0.0730    2.5120   -0.0970   -0.3280    0.0370   0.3430   1.2300   0.4210   0.4280   0.1170   0.0580   0.4280   0.0360   0.0270   0.1000
2.0000   3235.4100   3370.3700   53.7317    0.1000   0.2000   5.7000   4.1000   -0.4080   -4.0270    1.7210   -0.2700   -0.8260   0.4920   0.1330   2.5000   0.3520   0.0080   0.0510   0.5950   0.0220   0.0200   0.0790
2.0000   3227.4800   3324.9600   99.7129   -0.4000   1.1000   3.6000   7.5000   -0.0350    0.0000   -0.6360    0.3360   -0.1010   0.4220   0.0000   0.2630   0.7560   0.2160   0.1530   0.0000   5.1220   0.0870   0.0190
2.0000   3237.8000   3408.3000   18.2816    1.0000   3.7000   3.7000   5.8000   -0.2240    0.7120   -0.4540   -0.6440   -0.1720   0.4050   0.8220   0.3970   0.2800   0.3640   0.1490   0.3860   0.1630   0.0830   0.1700
2.0000   3281.6800   3486.3300   71.6874    0.1000   2.0000   4.8000   6.7000   -0.7790   -6.8230   -1.6110   -0.2680   -0.7010   0.4330   0.5270   1.5120   0.3130   0.1490   0.1950   0.1730   0.5700   0.1130   0.1710
2.0000   3293.4500   3413.6700   44.5467    0.8000   2.6000   3.0000   5.3000   -0.2160    0.2810   -0.3170   -0.0460   -0.5960   0.4560   0.2090   0.2990   0.7170   0.5580   0.0490   0.0250   0.0370   0.0540   0.0680
2.0000   3306.0200   3418.2700   56.4343    0.3000   1.4000   3.7000   3.0000    0.2990    1.6280    0.1760   -0.0350   -0.0740   0.1230  -0.0560   0.2420   0.0480   0.2460   0.3260   0.2600   4.8800   0.0770   0.7730
2.0000   3261.5400   3419.0400   12.2251    1.3000   2.3000   5.7000   4.3000   -0.0900    1.0930   -0.7020   -0.2620   -0.3840   0.3630   1.0230  -0.0780  -0.0610   0.9640   0.1330   1.3340   0.1720   0.0820   0.1560
1.0000   3231.9100   3492.8400   72.8883    2.4000   2.5000   3.7000   9.3000   -0.3110   -0.3720    0.2900   -0.6390   -0.3120   0.2760   0.7870  -0.3770   0.6650   0.0730   0.0850   0.1020   0.0310   0.1040   0.1120
2.0000   3292.2800   3313.5500  116.6522    1.8000   1.8000   3.5000   6.3000   -0.2730   -0.3640   -0.1090   -0.1760   -0.3430   0.5750   0.8750   1.1350  -0.1070   0.6010   0.1560   0.2950   0.0500   0.1650   0.1580
2.0000   3206.1900   3366.5000   70.6613   -0.7000  -1.6000   3.9000   6.6000    0.2270    0.0000    0.0000    0.3050    0.1720   0.6750   0.0000   0.0000   1.0900   0.2480   1.7720   9.9990   4.5930   0.3320   0.2910
2.0000   3265.7400   3360.7300   63.4856    0.3000   0.5000   3.1000   5.2000    0.0310   -1.6190    2.3910   -0.1730    0.0940   0.9710  -0.2140   2.6860   0.9540   0.7130   0.0820   0.0180   0.0920   0.0740   0.0850
2.0000   3288.9600   3355.9200   76.9913    1.4000  -0.2000   3.7000   4.9000   -0.2390   -0.7650    1.2270   -0.1450   -0.4690   0.3780  -0.0070   0.4120   0.7790   0.1400   0.1040   0.1920   0.0710   0.1670   0.1280
2.0000   3250.7000   3434.2500   12.1286    0.9000   0.8000   3.6000   4.8000   -0.5280   -0.7760   -0.2770   -0.7210   -0.2830   0.0580   0.0280   1.0610  -0.0210  -0.1860   0.2980   0.5060   0.6510   0.2070   0.3520
2.0000   3256.1000   3410.6700   13.1434   -0.6000  -0.3000   4.1000   3.3000    0.0570    0.0000    9.9990    0.3530   -0.4100   0.2410   0.0000   9.9990  -0.0050   0.4970   1.0270   4.6580   6.4890   0.3430   0.4300
2.0000   3201.8400   3339.6000   95.4402   -0.6000   2.2000   4.5000   7.6000    0.1060    0.0000    0.4450    0.1640   -0.0620   0.1070   0.0000  -0.3120   0.5320  -0.0170   0.0570   0.0000   0.0450   0.0380   0.0860
2.0000   3168.5000   3403.3900   83.3609    1.3000   4.9000   4.8000   4.5000    0.0010    0.5310    0.2110   -0.3720   -0.1300   0.3130   0.5490   0.3210   0.1130   0.4510   0.0530   0.2550   0.0420   0.0300   0.0480
2.0000   3279.1100   3506.1500   88.9826   -0.2000   3.3000   3.7000   6.9000   -0.3380    0.9900   -0.7200   -0.4260   -0.1570   0.0760   0.0690   0.0460   0.2420  -0.0380   0.7820   5.0400   0.0600   0.1750   0.1170
2.0000   3247.5800   3460.1400   38.0391    2.0000   0.5000   4.3000   4.9000    0.5260    0.5770    1.0550    0.5400    0.1020   0.8790   2.8120   0.0450   0.6070   0.0090   0.2530   0.1860   0.2850   0.1560   0.4580
2.0000   3275.6300   3416.9800   26.4229   -1.2000   1.2000   3.0000   6.0000   -0.0070    9.9990    0.3140   -0.5810   -0.0900   0.5560   1.3750   1.2000   0.3970   0.3040   0.0770   0.5410   0.0160   0.1510   0.1050
2.0000   3252.0800   3329.0700   93.1210    1.2000   1.7000   3.2000   6.6000   -0.2770   -0.6390    0.3590   -0.0690   -0.4290   0.5150   0.3130   0.4440   0.5730   0.6120   0.1160   0.1070   0.1180   0.1040   0.1240
2.0000   3248.5500   3329.9500   92.2185    1.8000   3.4000   3.6000   7.2000   -0.5000   -1.0770   -0.7480   -0.4530    0.0260   0.2800   0.1050   0.3260   0.1810   0.4330   0.0560   0.0590   0.0390   0.0530   0.0650
1.0000   3206.6500   3438.4300   46.0402    3.3000   3.6000   3.4000   7.9000   -0.2830   -0.4660    0.0860    0.2440   -0.5280   0.2510   0.6040   0.4800  -0.6770   0.2830   0.0290   0.0260   0.0210   0.0370   0.0360
2.0000   3346.4600   3471.6700  108.6727    1.9000   2.0000   3.2000   5.8000   -0.4080   -1.1000    0.1660   -0.2030   -0.1670   0.3760   0.4300   0.8040   0.2700   0.0910   0.1000   0.1150   0.0840   0.1300   0.1460
2.0000   3290.0300   3380.9900   57.6191    0.8000   1.6000   3.3000   3.3000   -0.2280   -0.0470   -0.4030   -0.6570    0.2180   0.1180   0.9710   0.4990  -0.4360  -0.0880   0.1240   0.0420   0.2840   0.1130   0.3020
2.0000   3193.8900   3336.4900  102.2572    0.5000   3.0000   3.0000   7.6000   -0.0150   -0.2990   -0.2640    0.4210   -0.0060   0.3430  -1.5990  -0.0130   1.3210   0.4350   0.0550   0.0510   0.0590   0.0550   0.0470
2.0000   3212.8600   3409.2800   39.0459   -1.4000   1.1000   4.0000   8.3000   -0.2350    0.0000   -1.4500    0.2040   -0.2440   0.1540   0.0000   0.1810  -0.1820   0.4100   0.6440   4.4000   4.6610   0.2080   0.0980
2.0000   3218.1900   3402.4400   37.1896    2.1000   0.8000   3.3000   6.8000   -0.4440   -0.6980   -1.6650    0.1090   -0.3290   0.4490   0.4490   1.1600   0.4280   0.2880   0.1160   0.0810   0.2090   0.0950   0.1780
2.0000   3286.6200   3529.6900  113.6841    1.6000   3.4000   4.0000   7.5000   -0.0290    0.0710   -0.0270   -0.2640    0.0740   0.1220  -0.2120   0.3550   0.0740   0.0990   0.0510   0.0590   0.0760   0.0830   0.0270
2.0000   3192.2400   3448.0900   63.0576    1.7000   4.5000   3.7000   5.5000    0.0360    0.5700   -0.0030   -0.0740   -0.2670   0.0700   0.1910   0.0470   0.0100   0.0840   0.1920   4.9930   0.0820   0.1460   0.1360
2.0000   3163.3500   3498.1500  115.0395   -1.1000   1.2000   4.8000   4.8000   -0.1780    0.0000   -0.9860    0.0520   -0.1950   0.3000   0.0000   0.1260   0.2440   0.4390   0.1080   0.0000   0.2890   0.0460   0.1330
2.0000   3254.9100   3494.0100   72.0361    2.8000   3.7000   3.3000   7.0000   -0.1510   -0.1750    0.2190   -0.6700   -0.1380   0.3100   0.6320   0.1650   0.3520   0.1220   0.1590   0.2200   0.1670   0.1740   0.1710
2.0000   3277.7300   3434.5300   30.6194    0.3000   2.0000   5.0000   4.5000   -0.6050   -1.1950   -1.2720   -0.3220   -0.0550   0.6150   0.4510   0.0690   0.6680   1.1830   0.1740   0.1060   0.2490   0.1700   0.2780
2.0000   3203.9600   3489.8500   81.7054    1.6000   1.8000   3.7000   7.6000   -0.2230   -0.7700    0.6110    0.0590   -0.3590   0.2620   1.8280  -0.5910   0.3690  -0.1950   0.2300   0.5850   0.8660   0.1870   0.1880
2.0000   3264.0000   3466.4600   46.5436    0.3000   1.3000   5.3000   5.4000   -0.0330    0.3920    0.5270   -0.3040   -0.1520   0.2420  -0.0240   0.6060   0.3040   0.0740   0.0980   0.0720   0.1790   0.0660   0.1340
2.0000   3236.6800   3418.0500   13.6727    0.1000   0.2000   4.6000   4.7000   -0.0670   -2.6190    0.9050    0.3020    0.0550   0.4920   0.7690   0.3310   0.5930   0.3180   0.1360   0.0380   0.0710   0.1950   5.1560
2.0000   3257.7700   3456.2800   35.0557    1.9000   1.6000   3.1000   6.1000    0.0890    0.9090   -0.4830   -0.7190    0.1830   0.2750   0.6100   0.5480  -0.0410   0.0570   0.1500   0.2210   0.0450   0.1050   0.2410
2.0000   3321.4400   3442.4100   74.5237    3.3000   2.9000   3.7000   3.4000    0.5770    1.0050    0.2700    0.5010   -0.1160   0.6030   0.9920   0.0810   0.4870   0.7930   0.0230   0.0240   0.0220   0.0320   0.0220
2.0000   3305.2700   3330.9900  106.7613   -0.5000   1.4000   3.7000   3.0000   -0.3700   -0.7300   -0.3120   -0.2350   -0.5630   0.3670  -7.9980   1.6650   0.3160  -0.2600   0.1830   0.6000   0.3110   0.0270   0.4210
2.0000   3266.7400   3356.5600   67.7730   -0.7000   0.7000   3.4000   3.1000    0.5080    0.0000    0.6400    0.1470    0.9010   1.8270   0.0000   4.6290   0.8340   2.1500   0.0960   0.0000   0.2550   0.1340   0.2270
2.0000   3282.7200   3355.3700   74.4987   -0.1000   1.5000   3.4000   5.2000   -0.0420   -0.6340   -1.1610    0.8100   -0.0290   1.1940   0.1730   1.8570   1.7800   0.5200   0.0730   0.0240   0.1890   0.0820   0.0830
2.0000   3259.8700   3479.1800   57.9153   -1.6000   3.2000   3.0000   6.6000   -0.0180    0.0000    0.0640   -0.5060    0.1810   0.5790   0.0000   0.8500   0.3300   0.4720   0.0170   0.0000   0.0200   0.0210   0.0230
2.0000   3233.9200   3342.0000   81.7034    0.5000   1.0000   3.5000   3.8000    0.2190   -0.1460    0.0450   -0.3270    0.9570   0.3530   0.0780   0.6520   0.5060   0.1240   0.3150   0.5190   0.2580   0.1930   0.4600
2.0000   3236.8800   3403.4700   22.6765   -1.0000   2.6000   4.1000   5.4000   -0.1450   -0.8730    0.0340   -0.1710   -0.1120   0.5660   1.4990   0.5650   0.5660   0.4160   0.0720   0.1310   0.1110   0.0580   0.0940
2.0000   3312.2700   3521.1300  117.0784   -0.4000   1.5000   4.6000   4.6000   -0.1320    2.0750   -0.7380    0.2740   -0.6130   0.3420   0.0430   0.2990   0.3560   0.3890   0.2000   0.3090   5.0860   0.1190   0.2720
2.0000   3209.3600   3322.7100  107.3287   -0.3000   3.3000   4.9000   5.9000    0.3440    6.4750    0.1770    0.0260   -0.2630   0.5420   4.0780   0.6260   0.1010   0.4790   0.0440   0.0910   0.0460   0.0280   0.0520
2.0000   3255.1400   3452.2300   30.5535    1.8000   0.7000   3.0000   4.8000    0.0340   -0.0070    0.0530   -0.2610    0.3130   0.2990   0.2760   0.8430   0.3650   0.0450   0.2000   0.2100   5.3200   0.0190   0.2760
2.0000   3230.1900   3485.3200   66.1095    1.3000   2.6000   5.4000   5.7000   -0.3310    0.0110   -0.6520   -0.3590   -0.3290   0.5040   1.0740   0.4270   0.3400   0.5220   0.0440   0.0680   0.0430   0.0180   0.0580
2.0000   3203.1300   3315.6200  116.2826    2.8000   2.1000   6.3000   5.0000   -0.0930    0.2110   -1.3950    0.1250   -0.1450   0.7000   0.9910   1.3710   0.2320   0.6280   0.1050   0.0860   0.1830   0.0370   0.2590
2.0000   3221.1800   3487.1500   70.9795    0.1000   1.6000   3.4000   5.9000   -0.5910   -6.6180    0.1390   -0.1310   -0.4850   0.6010   0.2720   1.3350   0.6090   0.1910   0.0950   0.1350   0.1290   0.0770   0.0910
2.0000   3231.7500   3397.2600   30.7081    1.0000   0.5000   4.0000   3.8000   -0.8010   -1.7930   -1.6410   -0.4820   -0.1620   0.2290   0.0430  -0.1700   0.1370   0.6780   0.1960   4.8830   0.0940   0.0550   0.1820
2.0000   3235.6900   3375.9800   48.2653    0.3000   0.6000   4.2000   4.7000   -0.2030   -2.3410    0.5960   -0.0560   -0.0970   0.3240   0.7290  -0.8240   0.4340   0.7000   0.0400   0.0100   0.0110   0.0370   0.0700
2.0000   3233.7600   3443.6400   26.7594    3.9000   4.6000   0.8000   5.3000   -0.2430   -0.0780   -0.2020   -0.6750   -0.5100   0.8790   1.3970   0.2580   3.0840   0.3350   0.0230   0.0230   0.0160   0.0140   0.0350
2.0000   3290.2100   3512.1100   98.6420    0.2000   0.3000   3.9000   5.4000    0.2390    0.9870    2.7340   -0.0260   -0.0210   0.4750   0.5010   3.5450   0.2570   0.3510   0.0380   0.0230   0.2350   0.0320   0.0390
2.0000   3284.9400   3412.0100   36.6537    0.5000   0.7000   3.6000   4.1000   -0.0690   -0.4140    1.7550    0.2620   -0.5440   0.3930   0.6590   1.1410   0.1100   0.3380   0.0440   0.0380   0.1170   0.0220   0.0670
2.0000   3234.9500   3395.0300   30.8909    0.7000   1.4000   3.1000   4.1000   -0.2110    0.8260   -0.4630   -0.3270   -0.4680   0.4660   1.8850   0.3590   0.2950   0.1240   0.1050   5.3880   0.0630   0.1480   0.0900
2.0000   3176.4000   3455.6100   80.5894    0.8000   0.5000   7.0000   3.1000   -0.0740   -0.2750   -1.5820    0.1920    0.0220   0.5730   0.0470  -0.1180   0.1970   2.6670   0.4560   0.0550   5.1940   0.0960   0.8130
2.0000   3145.4500   3447.8400  107.3855   -0.5000   2.1000   3.7000   5.9000   -0.0830    0.0000    0.1800   -0.4830   -0.3370   0.5300   0.0000   0.6920   0.3850   0.9130   0.0240   0.0000   0.0450   0.0350   0.0320
2.0000   3208.9000   3414.8400   41.4713    1.6000   2.2000   4.0000   6.1000   -0.3350   -0.9610   -0.2950   -0.1550    0.0060   0.3820   1.5240   0.3110  -0.1240   0.1770   0.0290   0.0410   0.0360   0.0240   0.0250
2.0000   3277.5300   3432.4600   29.6557    2.2000   0.9000   3.0000   4.9000    0.2140    0.5600   -1.8280    0.5950    0.0350   0.4610   0.1370   0.0610   0.9030   0.5590   0.2790   0.2280   0.7400   0.4240   0.2580
2.0000   3267.0700   3368.6600   56.2440    0.9000  -0.1000   3.5000   5.1000   -0.0140    0.4630    0.9370   -0.1660   -0.3900   0.2810   0.7970   0.0740   0.0870   0.2630   0.0660   0.0150   0.0900   0.0400   0.1140
2.0000   3257.7000   3341.3900   81.1643    3.6000   1.1000   4.2000   4.8000   -0.0810    0.0390   -0.3830   -0.4270    0.1740   0.6110   1.3490   0.1750   0.3470  -0.0110   0.0280   0.0240   0.0110   0.0290   0.0440
2.0000   3278.9100   3530.5100  112.2120    0.7000   2.0000   4.3000   5.2000   -0.1700   -0.2310   -0.2340   -0.2870   -0.4310   0.8720   3.9950   0.2820   0.5140   0.7120   0.1180   0.0840   0.0700   0.0910   0.2100
2.0000   3184.4000   3513.0600  111.9344    0.7000   2.7000   3.9000   6.3000   -0.3530   -0.3570   -0.3040   -0.2650   -0.4320   0.3130   1.1650   0.1410   0.3610   0.1940   0.7930   1.8290   0.7490   0.9280   0.6770
2.0000   3246.6600   3323.2600   98.9484   -0.4000   3.6000   3.1000   3.8000   -0.3360    0.0000   -0.6460    0.1300   -0.1990   0.0350   0.0000   0.2040  -0.4420   0.1450   0.0920   0.0000   0.0720   0.1210   0.1420
2.0000   3305.9800   3320.7000  116.0153   -0.1000   0.0000   3.7000   5.9000    0.0440   -0.4140    0.7130   -0.0690    0.2260   0.7110   1.0640   2.7330   0.0170   0.5720   0.1530   0.1410   0.1010   0.1630   0.1900
1.0000   3256.4000   3534.0300  112.0682    2.9000   2.0000   4.8000   5.5000   -0.1230   -0.3530    0.3470   -0.4880    0.0050   0.2040   0.1500   0.3530   0.5260  -0.0110   0.0780   0.0700   0.0470   0.0680   0.1740
2.0000   3274.0400   3442.6700   31.8132    2.1000   1.9000   3.3000   4.7000   -0.7270   -1.3080   -0.5120   -0.4160   -0.3720   0.2310   0.2960  -0.2740   0.7730  -0.0090   0.0620   0.0410   0.0570   0.0650   0.0990
2.0000   3254.9800   3371.4400   50.9931    1.3000   0.2000   3.1000   3.8000    0.4090    0.7590   -0.1190   -0.0700    0.6100   0.3670  -0.3120  -0.5390   0.6120   0.8210   0.0860   0.1040   0.1060   0.0360   0.1430
2.0000   3249.9100   3504.5300   82.3691    1.0000   2.4000   3.4000   6.4000   -0.0350   -0.4470    0.6550    0.4190   -0.4500   0.0570   0.3170   0.9090  -0.8280  -0.0510   0.4380   5.2550   0.0830   0.1770   0.1890
2.0000   3290.1600   3315.3000  114.2571    0.6000   0.8000   3.5000   5.3000    0.2290   -0.2360   -0.0690    0.2020   -0.1650   0.4810   0.0080   2.3630   0.6030  -0.3700   0.1310   0.3100   0.0770   0.1210   0.1420
2.0000   3150.0500   3451.5200  103.9041    0.9000  -0.6000   3.1000   4.3000   -0.0900   -0.2500    0.0000    0.0030   -0.0560   0.8050   1.4500   0.0000   1.0980   0.0770   0.5060   0.1040   4.5540   0.2500   5.3950
2.0000   3221.9700   3474.3300   59.0902    2.0000   4.1000   4.7000   4.3000   -0.1490   -0.1610   -0.1190   -0.2940    0.0150   0.2750   0.5750   0.2020   0.2060   0.2020   0.2110   0.1080   0.1000   0.1920   0.8280
2.0000   3289.9100   3473.1200   64.9003    4.7000   2.8000   4.5000   4.1000    0.0250    0.2320    0.4910   -0.5650   -0.3650   0.5380   0.3340   0.7490   0.4420   1.0130   0.0390   0.0260   0.0520   0.0320   0.1050
2.0000   3157.6700   3438.5600   93.4993    2.9000   2.3000   5.9000   6.6000    0.0280    0.0410    0.6510    0.0560   -0.2920   0.4500   0.3640   0.8730   0.4540   0.2250   0.0520   0.0300   0.1630   0.0450   0.0620
2.0000   3202.7600   3332.1700  101.5068    0.4000   2.6000   4.1000   5.2000   -0.0310    0.6550    0.2870   -0.0570   -0.3520   0.4610   1.1200   0.3490   0.1560  -0.0230   0.2180   1.6930   0.1730   0.0840   0.2990
2.0000   3246.3000   3430.3600   8.8836     1.7000   2.9000   4.0000   4.1000   -0.5010   -1.2600   -0.4630    0.1450   -0.4510   0.0970  -0.3930   0.3370   0.0150   0.3440   0.1380   0.2030   0.2330   0.0350   0.2570
2.0000   3168.8000   3415.0900   81.2284    2.5000   3.3000   4.4000   6.6000    0.0010    0.0150   -0.0460   -0.0320    0.0430   0.0390   0.2090  -0.2420  -0.0470   0.2520   0.0560   0.0150   0.0730   0.0850   0.0610
2.0000   3224.8300   3478.2200   61.3361    1.3000   2.9000   3.8000   5.9000   -0.1950    0.6020   -0.8890   -0.1950   -0.2120   0.3910   1.5960   0.5470  -0.0050  -0.0270   0.2130   0.3810   0.1870   0.1480   0.2520
2.0000   3269.2000   3533.7900  113.3158    0.4000   2.3000   5.3000   3.7000    0.2910    2.0040    0.1470    0.2070   -0.0050   0.6100   1.5920   1.2900   0.2600   0.2220   0.0660   0.0980   1.0700   0.0280   0.1120
2.0000   3148.4100   3417.0000  101.4414    0.2000   2.9000   3.9000   6.8000    0.0820    0.0410    0.2450    0.1950   -0.0690   0.1550  -0.0840  -0.0890   0.5210   0.1110   0.2710   0.1700   0.1820   0.4350   0.3250
2.0000   3237.7300   3444.6300   25.4679    1.9000  -0.8000   3.2000   3.9000   -0.0260    0.3380    0.0000    0.0490   -0.5730   0.5580   0.5260   0.0000   0.5100   0.6590   0.0780   0.8410   0.0000   0.0780   0.1300
2.0000   3166.4400   3466.9100   94.5411    1.3000   0.8000   3.3000   6.8000   -0.6640   -0.7950   -2.0840   -0.5470   -0.4550   0.2400  -0.2210   0.8730   0.2730   0.2970   0.2750   0.2370   2.0820   0.3150   0.2520
2.0000   3228.5300   3463.8100   46.7295    0.1000   3.0000   3.0000   5.5000    0.5700    2.3860    0.3470    0.7710    0.0100   0.3020   0.1500  -0.0660   0.9440   0.2450   0.1330   0.1760   0.0300   0.1280   0.1890
2.0000   3354.6300   3451.5700  108.9541    3.2000   3.1000  -0.1000   3.5000   -0.0440    0.1780   -0.2140   -9.9990   -0.2780   0.3170  -0.2000   0.9470  -1.2030   0.3850   0.2140   0.0410   0.0860   5.5480   0.3020
2.0000   3266.7400   3316.9100  106.6184    1.3000   0.4000   3.7000   5.1000    0.2120    0.7230   -0.0340    0.2120   -0.0840   0.5300  -0.0130   4.4120   0.0260   0.3610   0.0880   5.4850   0.0100   0.0220   0.0320
2.0000   3239.1900   3328.8500   93.9034    3.5000   1.5000   3.0000   6.2000   -0.1230    0.1590   -0.4470   -0.4810   -0.2690   0.3420   1.1770  -0.0040  -0.2810  -0.2290   0.0550   0.0380   0.1080   0.1400   0.0280
2.0000   3255.5200   3420.3500   6.0762     0.2000   1.0000   3.4000   3.0000    0.1230   -0.9080    1.9200    0.0260    0.3220   0.9780  -0.2070   3.0170   0.5170   1.2880   0.1160   0.0600   0.2430   0.1170   0.1750
2.0000   3248.1400   3339.4000   82.7762   -0.1000   1.9000   4.2000   4.8000    0.0040    1.1110    0.1620   -0.3210   -0.2590   0.5190   2.0700  -0.0030   0.3830   0.5080   0.1560   0.0630   0.2740   0.1030   0.3180
2.0000   3198.3100   3507.1200   99.3026    1.4000   0.0000   3.9000   6.2000    0.4990    1.7090    1.2600   -0.0560    0.0540   0.8590   2.1330   1.8190   0.6070   0.0670   0.1160   0.5630   0.0720   0.0720   0.1290
2.0000   3237.4900   3499.2500   78.0530    0.5000   0.6000   4.4000   7.1000   -0.1690   -0.0900   -0.2240    0.0310   -0.3180   0.3050   1.7770   0.4410   0.0110  -0.0610   0.1450   0.1580   0.0120   0.1390   0.1960
2.0000   3180.5900   3459.5900   78.6122   -0.3000  -0.4000   3.0000   4.2000    0.0000    0.0000   -0.2180    0.3850   -0.2860   0.7970   0.0000   9.9990   0.2390   0.0640   2.1720   9.9990   5.8360   0.8100   0.7710
2.0000   3301.1600   3527.0000  116.7787    1.2000   1.5000   3.6000   6.7000    0.1330    0.3250   -0.1450    0.3720   -0.0410   0.5370   0.5020   0.5940   0.1340   0.8740   0.0380   0.0070   0.0300   0.0410   0.0590
2.0000   3163.0600   3384.8000   94.3706    1.1000   1.5000   3.5000   6.4000    0.1910    0.2500    1.7630   -0.0740   -0.1560   0.1450  -0.3170  -0.3140   0.9950  -0.1580   0.0850   0.0220   0.1420   0.0820   0.1250
2.0000   3245.2800   3454.2900   32.4342    4.1000   1.9000   3.6000   5.2000   -0.0090    0.2350   -0.1170   -0.0380   -0.4350   0.3910   0.8630   0.5840  -0.1260  -0.1260   0.0730   0.0400   0.1050   0.0820   0.1180
2.0000   3150.1100   3418.0100   99.6965    1.4000   1.7000   3.9000   6.3000    0.0170    0.6170   -0.4050    0.2110   -0.3000   0.7220   2.3710   0.8490   0.3330   0.1100   0.4100   0.1670   5.3890   0.3500   0.3270
2.0000   3301.3700   3504.6900   97.3588   -1.4000   0.8000   3.8000   6.2000   -0.2340    0.0000   -2.2120    0.0720   -0.0720   0.2940   0.0000  -0.2880   0.3170   0.4500   0.4880   4.8140   0.0980   0.0780   0.0370
2.0000   3152.3900   3373.5900  108.7763   -0.2000   0.8000   4.8000   6.2000   -0.8210   -5.2100    0.1290   -0.4790   -0.4660   0.3520  -0.3080   1.7640   0.1590   0.2990   0.1590   0.2760   0.4100   0.0940   0.1500
2.0000   3298.1400   3519.8100  108.9945   -1.1000   2.5000   3.2000   4.4000   -0.5740    0.0000   -0.6940   -0.2980   -0.7040   0.2840   0.0000   0.1070   0.5440   0.1980   0.1750   0.0000   0.1290   0.2950   0.4180
1.0000   3169.8900   3501.9200  112.8464    7.0000   6.4000   3.1000   5.5000    0.1210    0.1980    0.1320   -0.0550   -0.0540   0.2530   0.2300   0.1450   0.5930   0.2850   0.0450   0.0140   0.0580   0.0900   0.1000
2.0000   3240.9600   3482.7100   61.1793    2.5000   3.2000   3.7000   5.8000   -0.3010    0.0100   -0.7580   -0.5890   -0.1450   0.2750   0.6770  -0.0210   0.0740   0.3820   0.1000   0.0320   0.1680   0.0840   0.1730
2.0000   3204.2700   3366.9500   71.5120    4.3000   4.3000   3.0000   5.9000   -0.1000   -0.0300   -0.1230   -0.3870   -0.0370   0.3980   0.7420  -0.0520   0.3130   0.5950   0.1310   0.0260   0.0300   0.6360   0.3410
2.0000   3277.5000   3465.7900   51.7224    3.3000   4.4000   3.1000   4.0000   -0.2350   -0.2340   -0.3250    0.1890   -0.4380   0.3110   0.2640   0.0320   0.6150   0.7120   0.0850   0.0930   0.0490   0.1100   0.1450
2.0000   3210.2100   3481.3800   71.1893    0.4000   4.3000   3.7000   5.1000    0.1250    0.1910    0.1690    0.4560   -0.2250   0.4690  -0.0550   1.1320  -0.2900   0.3920   0.0600   0.0650   0.0300   0.0770   0.0820
2.0000   3304.2600   3509.5200  102.9864    5.9000   3.4000   1.4000   4.4000    0.0570    0.2170    0.3190   -0.8170   -0.4700   0.2840   0.0470   0.7080   0.5410   0.2120   0.1030   0.0920   0.0170   1.7710   0.2950
2.0000   3258.4400   3345.9600   76.6984    1.5000  -0.8000   3.2000   5.0000   -0.6200   -1.8800   -6.0370    0.6870   -0.2340   0.2800   0.1260   0.1110   0.4940   0.1920   0.0840   0.1660   0.2120   0.0520   0.0760
2.0000   3169.3600   3464.7500   90.9480    0.6000   1.3000   4.5000   5.2000    0.0340    0.9850   -1.0050    0.1930   -0.2950   0.2960   0.1320   0.6710   0.2190   0.2750   0.1410   0.0320   5.1910   0.1030   0.2040
2.0000   3246.8400   3360.3000   61.9281    1.1000   0.6000   3.5000   4.7000   -0.1160   -0.1890   -0.1010   -0.0430   -0.1410   0.4270   0.2130   0.1200   0.8670   0.1930   0.1270   0.3560   0.0300   0.0920   0.1820
2.0000   3160.9600   3430.7600   89.1755    2.1000  -0.6000   4.0000   7.6000   -0.4650   -0.7130    0.2230   -0.6690   -0.2630   0.0750  -0.2480   0.0280   0.4580   0.0020   0.0250   0.0240   0.0200   0.0210   0.0320
2.0000   3180.0300   3482.9400   92.4704   -1.0000  -0.5000   3.1000   6.4000   -0.2910    0.0000   -9.6690    0.0390   -0.1450   0.2410   0.0000  -0.3070   0.4090   0.1400   0.0910   0.0000   0.1780   0.0710   0.1500
2.0000   3219.8200   3379.6600   51.9649    3.1000   2.3000   5.3000   3.8000    0.0650    0.1260   -0.2700    0.0120    0.2170   0.2600   0.5250  -0.4790   0.1140   0.9660   0.0170   0.0170   0.0220   0.0080   0.0360
2.0000   3241.3400   3310.3500  112.1247    0.2000   1.8000   3.0000   3.8000    0.5090    6.0520    1.1860   -0.2240    0.2760   1.1670  -0.0800   1.9430  -0.3000   0.6250   0.1850   0.7630   0.0730   0.0810   0.2400
2.0000   3213.8600   3365.6800   66.9033    0.9000   0.9000   3.4000   3.6000   -0.4790   -2.6000   -0.6230    0.2580    0.1940   0.4760  -0.0410   2.5130   0.1990   0.1410   0.1290   0.1870   0.4630   0.1030   0.1450
2.0000   3162.0200   3437.6400   89.0555    1.7000   4.1000   3.5000   4.1000   -0.3500   -0.3170    0.0710   -0.7550   -0.5750   0.1240   0.1000  -0.0310   0.2740   0.2750   0.0370   0.1000   0.0340   0.0770   0.0560
2.0000   3234.8500   3480.4800   60.1848   -1.6000   1.7000   3.2000   5.2000    0.4620    0.0000    1.1000    0.6670    0.0240   0.5200   0.0000   0.3090   0.7970   0.4040   0.1410   0.0000   0.2430   0.2500   0.2840
2.0000   3222.7800   3480.5300   64.2860    3.2000   4.3000   3.0000   6.0000   -0.1500    0.3260   -0.6500   -0.5230   -0.1270   0.0780   0.2440   0.1950  -0.2460  -0.0670   0.0930   0.0650   0.0730   0.1310   0.1450
2.0000   3297.5900   3466.2100   65.0526    4.3000   3.5000   1.1000   1.8000   -0.1480   -0.4550    0.4620   -0.1810    0.2300   0.3920  -0.0650   0.9050   0.6140   0.6990   0.0900   0.0620   0.0840   0.0440   0.5340
2.0000   3264.3000   3423.6900   14.6599    1.3000   2.8000   3.0000   3.6000    0.1120   -0.4610    0.2700    0.7550   -0.0680   0.5560   0.6470   0.3100   0.2790   1.2750   0.4330   0.8460   0.2600   0.6790   0.4950
2.0000   3203.2900   3510.0600   99.4081    1.5000   2.7000   4.7000   5.2000   -0.0440   -0.0660    0.9460   -0.6270   -0.1100   0.3410  -0.2730   0.5440   0.3200   0.5940   0.1220   0.4870   0.1310   0.0610   0.1590
2.0000   3153.0700   3474.3200  109.8261   -0.1000   1.8000   3.2000   5.5000    0.3830    0.0000    0.2840    0.1400    0.5790   0.3870   0.0000   0.5410   0.3090   0.3120   0.2930   9.9990   0.1990   0.0940   0.1730
2.0000   3153.0000   3458.0700  103.1708    1.6000   1.6000   3.1000   6.6000   -0.4320   -0.9110   -0.3940   -0.2850   -0.2380   0.4580  -0.3380   1.6950   0.0080   0.3730   0.0640   0.0910   0.0170   0.1110   0.0740
2.0000   3220.6700   3505.9400   88.6725    0.7000   0.3000   3.6000   5.7000    0.0100    2.0180   -0.7760   -0.0040   -0.4380   0.0870   0.4250   1.4750  -0.4650   0.0770   0.1110   0.3580   0.0310   0.0550   0.1370
2.0000   3228.9200   3534.0500  113.8058    4.3000   1.3000   4.6000   6.6000   -0.0160    0.1390   -0.2760   -0.1850   -0.0610   0.1760   0.9380  -0.6910  -0.2470  -0.1230   0.0320   0.0290   0.0200   0.0410   0.0250
2.0000   3197.6800   3329.8900  105.9345   -0.0000   0.6000   3.3000   4.7000    0.6750    6.1080   -0.6990    0.4010   -0.1190   0.2770   0.3770  -0.2260   0.2610   0.4090   1.2720   5.7700   1.0910   0.0770   0.3660
2.0000   3229.3600   3373.9900   52.2971   -0.4000  -0.0000   4.1000   4.5000   -0.0180    0.0000    0.3520   -0.2770    0.1120   0.2890   0.0000  -0.3390   0.2850   0.6630   0.0530   5.0190   0.0120   0.0270   0.0310
2.0000   3224.9100   3416.9900   25.3432    1.4000   3.2000   3.2000   4.6000    0.0480    0.8410    0.0810   -0.5560   -0.1760   0.5230   1.4040   0.2330   0.5350   0.2640   0.1410   1.2310   0.0140   0.0230   0.0350
2.0000   3161.1600   3368.0000   103.8090   0.2000   2.6000   3.0000   4.3000    0.1130    4.3210   -0.2220   -0.3630    0.1450   0.1430  -0.3350   0.3920   0.0140   0.0300   0.0760   0.4780   0.1070   0.0750   0.0530
2.0000   3233.9700   3361.3600   62.8079    0.7000   2.9000   3.9000   4.4000   -0.7440   -1.4350   -0.7280   -0.5550   -0.5350   0.2620   0.3010   0.0370   0.3360   0.4650   0.0780   0.0740   0.0500   0.0570   0.1090
2.0000   3169.8900   3390.2000   85.9904    1.1000   2.4000   4.0000   6.0000    0.4040    0.7690    0.9970    0.2790   -0.0870   0.1740   0.7070   0.2020  -0.3240   0.3310   0.1610   0.0330   0.2860   0.1340   0.2990
2.0000   3139.5500   3396.3600  113.1509    1.9000   3.2000   3.2000   5.9000   -0.0730   -0.5910    0.7520    0.2250   -0.3850   0.1190  -0.3150   0.5130   0.0000   0.1480   0.0830   0.0930   0.0740   0.0190   0.1140
2.0000   3225.1300   3366.6100   60.7502    0.1000  -0.9000   4.8000   3.5000   -0.0300    1.8810   -2.0630   -0.0720   -0.5390   0.1680  -0.9640   9.9990  -0.0250  -0.3720   0.0470   0.0720   0.2280   0.0360   0.0600
2.0000   3265.5500   3526.2800  105.3154   -0.9000  -1.0000   4.1000   4.4000    0.0380    0.0000    0.0000    0.4240   -0.3440   0.6500   0.0000   0.0000   1.0980  -0.0000   0.0430   0.0000   0.0000   0.0360   0.0920
2.0000   3190.8200   3355.8700   88.6776    2.4000  -0.9000   4.3000   6.3000   -0.0130    0.2530    5.9560   -0.2600   -0.2640   0.4380   0.8960  -1.1700   0.1900   0.3410   0.0410   0.0520   0.1250   0.0410   0.0450
2.0000   3166.6500   3363.3600  101.7752    1.2000   2.5000   4.6000   3.0000    0.1010    1.1610   -0.2620   -0.3100    0.0080   0.4510   1.6800   0.7080   0.3600  -1.0150   0.1380   0.2180   0.1070   0.1530   0.1280
2.0000   3189.4900   3524.5500  118.7903    0.7000   0.6000   3.1000   6.3000   -0.0060    0.1200    0.4050    0.1660   -0.2700   0.2890   1.5770  -0.3970   0.1280   0.1980   0.0650   0.0840   0.0200   0.0740   0.0410
2.0000   3284.3000   3524.0400  107.5876    2.2000   4.2000   3.6000   4.5000   -0.3070   -0.7930    0.1950   -0.0630   -0.4810   0.0510   0.4240   0.5290  -0.6550  -0.5050   0.1320   0.1500   0.0780   0.2160   0.1500
2.0000   3155.9000   3392.3300   98.4484    1.2000   1.5000   4.6000   4.9000    0.1310    1.7590   -1.0110   -0.2120   -0.1540   0.4840   1.4650   0.1490   0.3220   0.3290   0.1380   0.3430   0.2180   0.0810   0.0660
2.0000   3204.5600   3353.0000   82.5995    1.2000   0.3000   3.0000   4.8000   -0.0420    0.4660   -1.1860   -0.2630   -0.0980   0.4980  -0.2750  -0.3720   0.6440   1.0250   0.1540   0.2080   0.0380   0.0670   0.2050
2.0000   3170.1300   3473.7800   94.8635    0.6000   3.9000   3.5000   3.1000   -0.2680   -0.5310    0.1110   -0.3020   -0.0880   0.6270  -0.3830   0.1310   0.6320   0.3620   0.1070   0.1110   0.0430   0.0510   0.1120
2.0000   3193.1700   3514.0500  107.8957   -0.5000  -0.1000   3.9000   4.4000   -0.1670    0.0000   -1.5190    0.1090   -0.3280   0.5060   0.0000   1.3070   0.7610   0.0430   0.5570   4.7720   0.4970   0.0610   0.4840
2.0000   3250.9100   3484.3100   62.1603    2.0000   0.9000   3.1000   4.6000   -0.4640   -1.0860   -0.5050    0.1880   -0.2120   0.6060   0.9160   0.2430   0.3590   0.6990   0.1520   0.2140   0.8000   0.1450   0.1070
2.0000   3240.8900   3465.9100   44.6311    1.6000   0.7000   3.6000   3.3000    0.0940    0.2080    1.9100   -0.0750   -0.4150   0.8460   1.3440   0.3530   0.5240  -0.0470   0.1630   0.3680   0.2860   0.0940   0.2290
2.0000   3201.3400   3520.3100  109.4250    1.7000   3.6000   3.1000   5.9000   -0.2310   -0.6730    0.1560   -0.5980    0.0100   0.3450  -0.0600   0.8190   0.0440   0.2550   0.1810   0.5220   0.2460   0.1890   0.1170
2.0000   3188.0800   3321.9400  117.6595    0.4000   3.0000   3.1000   4.1000   -0.3360   -2.7360   -0.4050   -0.7790   -0.2360   0.5250   0.7440   0.3670   0.0370   0.3770   0.1340   0.3840   0.0610   0.1160   0.2250
2.0000   3217.5700   3519.0800  102.1122    2.7000   1.6000   3.2000   5.0000   -0.2250   -0.3190    0.2850   -0.2910   -0.3310   0.5470   0.6090   0.3060   0.5960   0.6180   0.1540   0.0580   0.1970   0.0390   0.2550
2.0000   3268.0900   3451.6000   34.7002   -0.7000   2.1000   3.3000   3.0000    0.0650   -0.0100    0.3950    0.3040   -0.5250   0.5600   0.4940   0.8610   0.4300   0.3360   0.1160   0.3210   0.7240   0.0660   0.1850
2.0000   3203.9100   3521.2000  109.1204    1.2000   3.3000   3.5000   4.0000    0.5430    1.6120    0.8820   -0.2820    0.0850   0.4060   1.3510   0.1890   0.1350   0.4830   0.2380   0.2550   0.2730   0.2000   0.4040
2.0000   3260.4900   3533.3900  111.7491   -0.1000   0.7000   3.9000   6.3000   -0.2320   -1.2790   -0.5440    0.4580   -0.1710   0.5080   0.9290   0.5380   0.4340   0.4010   0.0820   0.0370   0.0770   0.1000   0.1120
2.0000   3198.9100   3483.3800   79.5576    1.2000   1.2000   3.8000   4.7000    0.1470   -0.1890    1.2280    0.1080    0.0300   0.5940   1.0840   0.2610   0.5510   0.5190   0.1630   0.1220   5.1990   0.0710   0.1420
2.0000   3194.2700   3477.7300   78.5023    2.0000   3.0000   3.3000   4.1000   -0.6060   -1.1660    0.4180   -0.7790   -0.7440   0.3030   1.0570  -0.0570   0.2900  -0.0110   0.0970   0.2480   0.0810   0.0910   0.1200
2.0000   3194.3200   3327.1000  110.0262    1.6000  -0.0000   3.0000   5.4000    0.2790    0.6350   -3.8710    0.2380    0.1090   0.2820   1.0680   0.1040   0.1450  -0.2290   0.1120   0.1640   0.3190   0.0520   0.1010
2.0000   3190.7000   3370.9300   78.1536    1.3000   1.7000   3.9000   3.9000    0.1410    0.4820    0.3270   -0.0890   -0.0090   0.3660   0.7860   0.4730   0.1260   0.2790   0.0840   0.0690   0.0610   0.0670   0.2000
2.0000   3179.8300   3441.5400   72.5269    0.1000   1.9000   5.5000   4.7000   -0.4830    0.5410   -1.8450   -0.1120   -0.8120   0.5680   2.8050   0.2990   0.3300  -0.0630   0.0660   0.0180   0.1110   0.0590   0.1010
2.0000   3300.1600   3521.6800  111.5715    0.2000   0.3000   3.4000   4.1000   -0.0390    1.3940   -1.6400    0.0560   -0.3650   1.1180   1.2990   0.2950   1.1750   1.2890   0.1900   0.1030   0.1080   0.1670   0.3210
2.0000   3199.5100   3496.7700   89.9307    2.2000   0.6000   3.4000   4.9000    0.0820   -0.1570    0.4610    0.2300    0.1580   0.5650   0.6170  -0.1690   0.2030   1.1530   0.1250   0.0820   0.1550   0.1030   0.1510
2.0000   3193.9200   3358.7200   84.4891    0.5000   1.6000   3.4000   4.8000   -0.0280    0.6550   -1.5000    0.0640    0.1920   0.0240   0.0210  -0.1950  -0.1830   0.4220   0.0720   0.0490   0.0700   0.0690   0.0920
2.0000   3328.8300   3493.9600  106.8339   -2.1000   1.3000   3.7000   5.6000   -0.2480    0.0000   -0.5420   -0.0040   -0.3340   0.8260   0.0000   0.2640   1.2450   0.6710   0.4510   4.9130   0.2030   0.0900   0.1830
2.0000   3141.8600   3379.3500  116.0456    2.6000   2.7000   4.1000   6.2000   -0.1530   -0.3960    0.7190   -0.0820   -0.4340   0.3490   0.0780   0.7380   0.3230   0.3070   0.0390   0.0330   0.0550   0.0340   0.0420
2.0000   3183.1800   3491.3500   95.9931    1.4000  -0.1000   3.2000   5.3000    0.3270    0.9680    0.0000    0.3400   -0.0350   0.5350   1.0250   0.0000   0.2640   0.5920   0.4300   0.5400   9.9990   0.1980   0.4060
2.0000   3135.3800   3426.2700  114.4138    3.9000   3.3000   4.5000   2.5000   -0.1440   -0.0130   -0.6320   -0.1730   -0.1090   0.1690   0.3210  -0.0780   0.2050  -0.1700   0.1250   0.0580   0.1460   0.0850   0.2710
2.0000   3237.8500   3382.0900   41.7922   -1.9000   2.8000   4.0000   3.6000    0.3540    0.0000    0.3020    0.2450    0.5370   0.4610   0.0000   0.1030   0.4230   1.1430   0.0580   0.0000   0.0570   0.0770   0.1390
2.0000   3199.6500   3369.9400   72.3467    0.2000   0.0000   4.2000   3.1000   -0.0330   -0.1380    0.6440   -0.1830   -0.0890   0.9640   6.5460   0.2740   0.6470   0.0880   0.0520   0.0490   0.0220   0.0300   0.1170
2.0000   3169.9900   3490.8400  105.2315    2.1000   1.9000   4.5000   3.3000    0.2360    0.3480    0.0610    0.0360    0.4600   0.2970   0.0010   0.0910   0.3640   0.9210   0.0660   0.0060   0.1040   0.0770   0.1310
2.0000   3206.7100   3489.0500   79.5235   -2.0000   3.2000   3.1000   3.5000    0.3800    0.0000    0.4780    0.0600    0.3950   1.0450   0.0000   0.9090   0.9280   1.2100   0.1720   0.0000   0.7260   0.1780   0.4870
2.0000   3275.6900   3477.3300   60.9758    2.4000   3.1000   3.2000   3.2000   -0.7460   -0.6010   -0.2210   -0.7830   -1.6610   0.1890   0.1110   0.2080   0.1900   0.2940   0.0310   0.0260   0.0280   0.0320   0.0470
2.0000   3337.6400   3479.1600  104.7798   -0.9000   3.5000   3.3000   5.6000   -0.1970   -0.7020    0.3360   -0.6850   -0.1040   0.3380  -0.0680   0.3620  -0.0380   0.8510   0.0350   0.0250   0.0480   0.0420   0.0460
2.0000   3178.3200   3335.4000  112.3630    1.0000   0.6000   4.7000   3.6000   -0.2370   -0.4040   -0.0420    0.3250   -0.8580   0.1860   0.1800  -0.8830   0.1410   0.6810   0.0970   0.0260   0.4640   0.0520   0.2370
2.0000   3248.4300   3501.7900   79.6393   -0.5000   0.2000   4.7000   4.4000   -0.0390    9.9990    1.6650   -0.2350   -0.4300   0.2310  -9.9990  -0.5310   0.5030   0.3190   0.1790   2.3100   0.0860   0.1720   0.2500
2.0000   3139.0100   3427.9700  110.8623    1.8000   3.2000   3.8000   5.0000   -0.0740   -0.2510    0.0500   -0.2380    0.1300   0.0920  -0.1530  -0.0640   0.2140   0.4050   0.1300   0.1580   0.1020   0.1260   0.1530
2.0000   3204.0600   3429.7000   46.2782    3.2000   1.4000   4.5000   3.0000    0.0580   -0.0310   -0.4960    0.3090    0.2560   0.3600   0.2810   0.1090   0.3460   0.8580   0.0180   0.0120   0.0150   0.0160   0.0420
2.0000   3226.6800   3305.3900  119.0224    1.7000  -0.6000   4.0000   4.3000   -0.2310   -0.0110   -3.8970   -0.6680    0.2590   0.5520   0.7150   9.3950  -0.0530   0.2400   0.2700   0.1430   0.5190   0.2000   0.5030
2.0000   3162.1300   3407.7100   88.7741    1.8000   1.2000   3.9000   4.6000    0.2010    0.6910   -0.6310    0.5340   -0.2950   0.3360   0.6650  -0.1350  -0.0000   0.7430   0.4260   0.5690   5.1890   0.0840   0.3080
2.0000   3176.3700   3474.2700   89.9753   -0.4000   0.4000   3.5000   3.3000   -0.0790    0.0000    1.0270   -0.1560   -0.0940   0.8710   0.0000   3.4250   1.0250   1.2090   0.2200   0.0000   1.3370   0.2230   0.3610
2.0000   3246.1300   3511.5700   89.4809   -1.2000   1.1000   3.2000   4.1000    0.0740    0.0000    0.4450    0.3180   -0.2830   0.4100   0.0000   0.9380   0.4230   0.0300   0.0630   0.0000   0.0150   0.0650   0.1550
2.0000   3246.0600   3457.8300   35.8562    2.2000   0.2000   4.2000   3.0000    0.0970    0.4250   -0.4620    0.2500   -0.4250   0.3200  -0.0970   0.4410   0.5940   0.3800   0.1830   0.1720   0.1110   0.1400   0.7090
2.0000   3178.5000   3505.9800  109.9904    0.9000   1.7000   3.5000   4.2000   -0.1110    0.2340   -1.0570   -0.0240    0.1000   0.5130   1.6900  -0.0280   0.5880   0.1830   0.2740   5.0460   0.1170   0.2180   0.0330
2.0000   3152.8100   3454.1500  102.0531    1.3000   2.6000   3.5000   4.5000    0.0550    1.1600   -0.4530    0.0900   -0.3880   0.1290  -0.3530   0.3090   0.0860   0.2850   0.1550   0.4190   0.0850   0.1160   0.2140
2.0000   3164.7300   3403.4200   87.0318    1.8000   2.4000   3.1000   3.4000    0.3140    0.9780    0.5750    0.1350   -0.6930   0.2890  -0.1340  -0.3600   1.5000   0.2320   0.1410   0.1550   0.0460   0.0790   0.2420
2.0000   3165.2900   3350.5300  110.7224    1.7000  -1.5000   3.1000   4.4000    0.0480    0.6400    0.0000   -0.2920   -0.2570   0.2890   0.6680   0.0000   0.3650  -0.1380   0.2290   0.2000   0.0000   0.6050   0.3680
2.0000   3184.5200   3401.2900   68.4591    2.2000   0.2000   3.5000   4.8000   -0.0260   -0.4370   -0.4250    0.2550    0.3950   0.3660  -0.0970   0.2780   0.6890   0.5970   0.0760   0.1190   0.0430   0.0480   0.0690
2.0000   3281.1400   3516.5300   99.4621    1.7000  -2.0000   3.2000   4.0000   -0.3070    0.1120    0.0000   -0.3040   -0.7860   0.3160   1.3450   0.0000  -0.3190  -0.0270   0.3540   0.1980   5.1100   0.1760   0.3680
2.0000   3324.3500   3496.5100  105.3442    3.4000   3.3000   0.5000   3.7000   -0.1650   -0.2870    0.1080    0.0310   -0.2800   0.1330   0.1040   0.1260  -0.0110   0.3330   0.0590   0.0580   0.0400   0.0210   0.1310
2.0000   3174.1100   3375.4400   88.8804   -1.2000   1.3000   3.3000   4.1000    0.2430    0.0000    1.1730   -0.2460    0.3120   0.4340   0.0000   2.3320   0.1300  -0.4120   1.2950   4.7240   0.5590   0.1270   0.0880
2.0000   3205.9400   3504.1600   92.9543   -0.8000   0.6000   3.3000   3.3000    0.5680    0.0000    0.6930    0.6480    0.2900   0.4900   0.0000   0.3580   0.7340   0.7340   0.6890   4.7210   1.4780   0.2310   0.5190
2.0000   3187.2700   3403.4100   65.2043    3.7000   3.3000   2.0000   2.6000   -0.2290   -0.0980   -0.2320   -0.6480   -0.3490   0.4030   0.6010  -0.1350   0.8090   0.6630   0.0670   0.0480   0.0340   0.1590   0.2500
2.0000   3154.0300   3463.1500  104.0993    0.2000   1.6000   3.4000   3.0000    0.1060    1.3320    0.3070   -0.4850    0.4670   0.3290   1.9500   0.5580   0.2370  -0.0550   0.1140   0.1050   5.1800   0.0630   0.1590
2.0000   3166.7600   3493.1200  109.1674    0.3000   1.2000   3.0000   4.4000   -0.2100   -0.1050   -1.3990    0.0760   -0.0420   0.8870   0.6400   0.6000   1.0480   0.9960   0.0950   0.0640   0.1170   0.1210   0.0930
2.0000   3274.6700   3318.9800  106.1548   -0.2000   0.0000   3.0000   3.4000   -0.7670   -7.5810   -0.2750   -0.5210   -0.6590   0.9020   0.5030   1.9890   0.9970  -0.1010   0.0240   0.1190   0.0100   0.0180   0.0320
2.0000   3142.7400   3401.1400  109.0257    4.6000   0.5000   3.2000   4.5000    0.0730    0.0280    0.8060   -0.0010   -0.0360   0.4680   0.2730   0.7550   0.4210   0.8260   0.0200   0.0140   0.0100   0.0270   0.0430
2.0000   3193.7500   3502.3400   97.7819    0.0000   2.4000   3.2000   3.2000   -0.1330   -1.5220    0.5690   -0.1130   -0.2360   0.2090  -2.1850   0.6770   0.1390   0.5440   0.0860   0.1320   0.1010   0.0490   0.1310
2.0000   3140.4500   3435.7300  110.1093    2.8000   0.2000   3.7000   3.4000    0.1300    0.5780   -0.8750   -0.7710    0.5720   0.2800   0.0290  -0.0130   0.2650   0.9180   0.0990   0.0740   0.0610   0.0450   0.2150
2.0000   3240.5200   3364.2400   58.6472   -0.4000  -0.4000   3.0000   4.0000   -0.1890    0.0000    8.7030   -0.3320   -0.2130   0.2980   0.0000   0.1310  -0.1430   0.8290   0.0830   0.0000   0.4650   0.0750   0.1240
2.0000   3168.2800   3422.2600   81.4401   -1.7000   0.8000   3.6000   4.3000    0.0270    0.0000    0.7840   -0.0200   -0.2230   0.5020   0.0000   1.5960   0.8350  -0.6270   0.0210   0.0000   0.0130   0.0320   0.0400
2.0000   3168.4800   3367.5400   97.8949    1.3000   0.3000   3.7000   3.0000    0.2920    1.3190    0.5290   -0.0160    0.1250   0.4360   2.3150  -1.2350   0.6370  -0.0100   0.0840   0.0480   0.0230   0.1070   0.1770
2.0000   3166.6400   3377.9100   94.1299   -0.2000   2.2000   3.2000   3.2000    0.5400    1.5980    0.5660    0.6050    0.2200   0.4670  -1.4100   1.2320   0.0780   0.3360   0.1180   0.0240   0.1400   0.0340   0.3180
2.0000   3157.6900   3467.6200  102.6452    3.0000   0.7000   3.2000   3.4000   -0.2100   -0.3150    0.1240    0.0690   -0.3730   0.3960  -0.5030   1.1980   1.2440   0.4310   0.1460   0.1480   0.1460   0.1140   0.3300
2.0000   3137.7800   3419.4600  111.9726    2.6000   1.7000   3.5000   3.2000   -0.2690   -0.5770   -0.3230   -0.2420    0.4300   0.0750   0.3640  -0.2780  -0.0460   0.1010   0.2370   0.2140   0.2180   0.1150   0.6110
2.0000   3224.8400   3514.8100   95.9314    3.8000   3.1000  -0.3000   2.3000    0.3450    0.2750    0.4050    0.0000    0.5180   0.4200   0.3570   0.8370   0.0000  -0.5410   0.3490   0.0200   0.2440   9.9990   0.6850
2.0000   3214.6200   3474.8100   63.2765    4.1000   3.0000   0.5000   0.2000    0.3070    0.3930    0.6960   -0.3920   -3.3680   0.3480   0.1590   0.2710   0.9000   5.9370   0.1750   0.1510   0.1500   0.1110   1.4140
