# Object Xpix        Ypix        DisFromSN   Sub    S/N 435  S/N 555  S/N 625  S/N 814   AbsMag 435 AbsMag 555 AbsMag 625 AbsMag 814 Sharp Round Crowd
1.0000   3274.0500   3438.9100   31.8837   0.9420   0.8000   2.2000   5.3000   10.5000   -2.2890   -4.1980   -5.7480   -6.6900   -0.2880   0.2700   0.0480
2.0000   3282.7900   3444.2500   42.1079   2.4920   -0.1000   0.8000   1.4000   7.9000   68.8730   -3.0800   -3.7900   -6.2820   -0.2240   0.5280   0.9890
1.0000   3267.8400   3418.5500   19.8940   1.1880   2.5000   3.5000   4.0000   10.0000   -3.9500   -4.7760   -5.4620   -6.6500   -0.2630   0.2420   0.0440
2.0000   3291.5500   3422.0900   43.5411   1.4670   -0.9000   1.9000   1.7000   6.1000   68.8730   -4.2160   -4.8970   -6.3640   0.0790   0.6040   0.0340
2.0000   3282.4200   3401.6800   39.1811   0.8920   0.6000   0.9000   3.8000   7.3000   -2.3270   -3.4210   -5.4910   -6.3830   -0.3520   0.2470   0.0200
2.0000   3255.1100   3454.9500   35.1966   2.4690   1.7000   0.9000   1.2000   8.8000   -3.2040   -3.0710   -3.8530   -6.3220   0.0380   0.4930   0.1650
2.0000   3285.9400   3393.1200   46.7393   2.5210   -0.1000   1.0000   0.9000   5.0000   68.8730   -3.5930   -3.6030   -6.1240   -0.2940   0.8360   0.6620
1.0000   3212.1800   3405.2000   38.9753   0.0330   0.2000   1.1000   7.5000   8.0000   68.8730   -3.2100   -6.0880   -6.1210   0.0340   0.2230   0.2690
2.0000   3267.4600   3405.5700   24.4789   2.0070   -0.4000   2.2000   2.0000   7.5000   68.8730   -4.2830   -4.3550   -6.3620   -0.0680   0.4630   0.1410
2.0000   3254.2900   3445.1400   25.4487   2.2100   0.5000   2.1000   1.4000   6.3000   -2.5540   -4.1150   -3.6090   -5.8190   0.0520   0.2750   0.2350
1.0000   3206.2600   3444.5400   48.2162   1.0420   2.7000   4.2000   4.5000   11.7000   -3.6910   -4.5980   -5.3480   -6.3900   -0.1220   0.1520   0.0330
2.0000   3234.9500   3387.3500   35.6135   0.1310   -0.2000   -0.2000   6.0000   5.7000   -0.0910   68.8830   -5.7740   -5.9050   -0.0690   0.5440   0.0770
1.0000   3237.5800   3408.4200   15.9567   1.3230   2.0000   3.3000   3.5000   8.8000   -3.7610   -4.5570   -5.0870   -6.4100   -0.4030   0.2560   0.0480
2.0000   3236.8700   3417.9400   11.4522   0.7240   0.4000   0.5000   2.7000   5.7000   -2.2610   -2.6870   -4.8710   -5.5950   -0.1370   0.5220   0.0800
2.0000   3255.1900   3406.9800   15.2690   0.5390   1.8000   1.1000   4.5000   6.6000   -3.5480   -3.4730   -5.5590   -6.0980   -0.0970   0.4070   0.0700
2.0000   3267.9000   3409.1900   22.8412   0.8890   2.1000   3.0000   3.6000   7.5000   -3.7040   -4.6260   -5.5040   -6.3930   0.0910   0.0980   0.1290
2.0000   3258.3600   3417.8500   10.6486   0.7040   1.3000   3.8000   4.0000   6.5000   -3.4210   -4.9050   -5.4040   -6.1080   0.0140   0.2870   0.1340
2.0000   3243.6700   3394.4800   26.3556   2.5380   0.1000   2.2000   0.5000   4.9000   68.8730   -4.1810   -3.0480   -5.5860   -0.7620   0.2080   0.7270
2.0000   3232.1000   3429.1800   18.1631   0.4740   1.2000   1.3000   5.1000   6.9000   -2.9700   -3.4840   -5.5760   -6.0500   -0.1010   0.5490   0.0930
2.0000   3269.5500   3457.0100   42.4007   1.3020   -0.9000   2.5000   2.5000   6.8000   68.8730   -4.5850   -4.8760   -6.1780   0.0250   0.7500   0.1030
2.0000   3238.7700   3398.1700   24.1505   1.5480   -0.8000   -0.1000   1.5000   7.4000   68.8730   68.8830   -4.6380   -6.1860   -0.4790   0.0750   0.1020
2.0000   3247.9400   3424.6800   4.2102   0.9370   0.9000   1.2000   2.7000   4.3000   -2.5920   -3.4680   -4.9560   -5.8930   -0.4940   0.3250   0.0590
1.0000   3234.3400   3461.3900   43.1512   1.8260   2.3000   2.7000   2.2000   9.0000   -3.5770   -4.1430   -4.4180   -6.2440   -0.3330   0.4690   0.1230
2.0000   3243.9600   3402.0400   18.8770   2.3710   -0.2000   3.2000   0.9000   5.9000   68.8730   -4.5660   -3.6030   -5.9740   -0.0060   0.0970   0.2070
2.0000   3266.7300   3398.7000   28.6937   0.9110   2.1000   1.8000   3.0000   6.1000   -3.8360   -4.1080   -5.3060   -6.2170   -0.4010   0.2420   0.0810
2.0000   3243.4200   3440.3200   20.3794   1.2010   2.1000   4.1000   3.1000   7.1000   -3.5140   -4.7510   -4.8920   -6.0930   -0.1450   0.3500   0.1070
2.0000   3262.8400   3430.3200   17.7784   1.2540   1.6000   3.0000   2.2000   6.4000   -3.7560   -4.5860   -4.8790   -6.1330   -0.0460   0.3560   0.1560
2.0000   3269.0500   3375.8900   49.2842   1.7950   0.0000   1.4000   1.8000   7.7000   68.8730   -3.7870   -4.4720   -6.2670   0.0050   0.6770   0.1260
2.0000   3260.8600   3388.9400   34.0379   0.0840   -0.8000   -0.1000   3.3000   3.3000   68.8730   68.8830   -5.4290   -5.5130   -0.3330   0.6230   0.1010
2.0000   3253.7000   3415.3900   7.6068   0.8600   0.3000   2.8000   2.9000   5.9000   -1.9010   -4.4920   -5.1140   -5.9740   -0.0050   0.4190   0.3920
2.0000   3284.5900   3444.6800   43.8412   1.4620   0.8000   0.2000   1.1000   5.3000   -3.0180   -1.7010   -4.4690   -5.9310   -0.3070   0.4120   1.0930
2.0000   3254.4200   3412.4400   10.2574   -0.6420   1.1000   1.9000   4.1000   2.3000   -3.2840   -4.4460   -5.6100   -4.9680   0.0640   0.1450   0.2340
2.0000   3248.8500   3445.2600   24.8023   0.8990   -0.6000   4.5000   3.4000   5.9000   68.8730   -4.9030   -5.0210   -5.9200   -0.0440   0.3300   0.0620
2.0000   3276.3500   3459.3200   48.0703   0.9360   1.7000   1.3000   2.9000   5.1000   -3.8120   -4.0200   -4.7820   -5.7180   0.0460   0.6830   0.1520
2.0000   3246.3300   3378.5100   41.9958   1.4500   2.6000   2.1000   2.1000   6.7000   -3.8810   -4.0870   -4.6930   -6.1430   0.1090   0.0970   0.0560
2.0000   3266.5400   3426.2100   19.3707   1.8340   -1.2000   -0.9000   1.0000   5.3000   68.8730   68.8830   -4.2820   -6.1160   -0.1530   1.0480   0.1470
2.0000   3275.7600   3395.0800   37.5920   2.7540   2.2000   -0.1000   1.0000   4.6000   -3.8550   68.8830   -3.0270   -5.7810   -0.1040   0.3070   0.0110
2.0000   3261.5100   3419.0600   13.5447   -0.2800   1.0000   2.1000   5.6000   3.8000   -2.8250   -4.2250   -5.8420   -5.5620   -0.1030   0.2490   0.2170
2.0000   3274.5600   3449.9100   39.6235   2.5620   1.2000   1.1000   0.5000   5.7000   -3.2040   -3.4490   -3.4130   -5.9750   -0.2070   0.4120   0.1000
2.0000   3293.3900   3413.7000   45.8537   0.9760   0.7000   2.6000   2.7000   5.0000   -3.2240   -4.6190   -5.1160   -6.0920   -0.1990   0.4930   0.0470
2.0000   3283.0300   3393.0400   44.4616   0.2100   1.0000   4.2000   4.2000   3.0000   -3.7770   -5.1940   -5.3990   -5.6090   -0.2700   0.4230   0.0400
2.0000   3273.6200   3461.7300   48.5458   1.3610   4.7000   1.8000   2.3000   6.3000   -4.7290   -3.8630   -4.6700   -6.0310   -0.1480   0.1920   0.1130
2.0000   3252.4900   3436.3800   16.5199   1.1540   0.6000   1.6000   1.8000   5.6000   -2.4250   -3.8670   -4.7360   -5.8900   -0.0260   0.4820   0.3550
2.0000   3275.5900   3417.0200   27.7663   0.7160   -0.3000   1.0000   3.0000   6.0000   -0.0380   -3.4180   -5.3070   -6.0230   -0.0370   0.5750   0.0840
2.0000   3234.0400   3416.9900   14.4253   2.0540   1.2000   2.6000   0.8000   6.7000   -2.7960   -4.2500   -3.9460   -6.0000   -0.1770   0.3840   0.0590
2.0000   3258.6800   3444.7200   26.4810   1.8380   1.4000   1.9000   1.0000   5.6000   -3.3290   -3.9990   -3.9180   -5.7560   -0.6160   0.1350   0.1040
2.0000   3240.7400   3385.7300   35.4995   1.1820   2.1000   2.5000   2.8000   6.9000   -3.7000   -4.2580   -4.9080   -6.0900   0.0080   0.4760   0.1790
2.0000   3270.4800   3405.1700   27.1610   1.7650   2.0000   1.1000   1.2000   4.9000   -3.6870   -3.4390   -4.1800   -5.9450   -0.3060   0.2020   0.2400
2.0000   3247.7400   3371.5200   48.9519   1.9770   1.6000   1.5000   1.8000   6.9000   -3.5410   -3.7820   -4.1000   -6.0770   -0.0750   0.5000   0.1930
2.0000   3216.6000   3409.7300   33.2232   2.1630   1.0000   1.3000   1.7000   6.0000   -3.1050   -3.4080   -3.7620   -5.9250   -0.5090   0.1370   0.0860
2.0000   3204.6200   3434.0700   45.4988   2.1770   0.4000   -0.1000   1.4000   5.3000   -1.4240   68.8830   -3.4560   -5.6330   -0.1300   0.5670   0.4260
2.0000   3241.8900   3391.2400   29.8707   1.4460   -0.3000   2.6000   0.8000   5.3000   68.8730   -4.3680   -4.2830   -5.7290   -0.4060   0.0920   0.7500
2.0000   3265.0500   3431.3500   20.1922   1.0660   0.8000   3.2000   2.2000   4.7000   -3.1920   -4.6520   -4.7970   -5.8630   -0.4220   0.3310   0.2010
2.0000   3277.7600   3434.5400   32.8827   -0.0560   0.3000   2.1000   5.0000   4.6000   68.8730   -4.2330   -5.7820   -5.7260   -0.6500   0.6560   0.1790
2.0000   3224.7000   3389.9000   38.4616   1.2430   0.1000   1.5000   2.8000   6.3000   -2.0360   -3.6680   -4.7270   -5.9700   -0.1070   0.5050   0.1110
2.0000   3255.1100   3452.2200   32.5269   0.2510   1.9000   0.6000   3.1000   4.7000   -3.4540   -2.8230   -5.4720   -5.7230   0.0210   0.2750   0.2210
2.0000   3264.0100   3466.4500   48.6738   -0.0610   0.4000   1.4000   5.5000   5.0000   -2.6120   -3.5350   -5.5920   -5.5310   -0.0580   0.2010   0.1060
2.0000   3242.4600   3424.2200   6.7216   0.9400   -0.4000   -0.4000   2.2000   5.5000   68.8730   68.8830   -4.7540   -5.6940   -0.1160   0.1230   0.0880
2.0000   3257.7600   3456.2600   37.0857   0.8860   2.0000   1.6000   3.2000   6.2000   -3.7260   -3.6700   -5.1310   -6.0170   0.0030   0.2690   0.1580
2.0000   3218.2200   3402.4600   34.8363   0.8540   2.1000   0.8000   3.4000   6.8000   -3.3620   -2.9110   -5.0840   -5.9380   -0.4850   0.4460   0.1150
2.0000   3294.6600   3420.2000   46.6218   0.1330   1.8000   1.3000   2.2000   3.3000   -3.6400   -3.8890   -5.1230   -5.2560   -0.1070   0.7020   0.1110
2.0000   3258.6900   3440.0800   22.3149   0.7550   -0.7000   2.0000   2.1000   4.9000   68.8730   -4.0860   -4.9640   -5.7190   0.1450   0.2580   0.1920
2.0000   3277.6100   3432.4200   31.8939   0.6030   2.1000   1.2000   2.7000   5.0000   -3.8930   -3.6310   -5.2030   -5.8060   0.1100   0.4720   0.3020
2.0000   3272.9000   3415.7300   25.3090   1.2100   1.2000   1.0000   2.9000   3.4000   -3.8470   -3.8270   -4.9400   -6.1500   -0.0420   0.2030   0.0960
2.0000   3278.0100   3452.5700   43.9159   1.0840   1.3000   1.5000   2.0000   5.2000   -3.0590   -3.7890   -4.7720   -5.8560   -0.5700   0.4070   0.2200
2.0000   3206.7000   3438.3600   45.0436   0.9370   3.0000   3.3000   3.5000   7.6000   -3.8380   -4.3680   -5.0420   -5.9790   -0.2040   0.3620   0.1730
2.0000   3259.3900   3392.2200   30.4461   2.0140   2.0000   2.2000   0.6000   3.5000   -3.9760   -4.6590   -3.3950   -5.4090   -0.6000   0.1820   0.1540
2.0000   3259.1000   3404.8200   19.1651   1.3590   2.7000   0.9000   1.7000   5.6000   -4.1560   -3.2160   -4.4660   -5.8250   -0.4360   0.1890   0.1520
2.0000   3212.7900   3409.0700   37.0469   0.5160   -0.6000   1.3000   4.4000   6.6000   68.8730   -3.3990   -5.3190   -5.8350   -0.2150   0.2520   0.0630
2.0000   3278.3900   3448.1900   41.1038   2.4290   -0.2000   0.6000   0.9000   4.4000   68.8730   -2.8220   -3.2660   -5.6950   -0.1920   0.5210   0.1770
2.0000   3260.6500   3457.4500   39.0702   0.9450   1.7000   2.6000   2.3000   5.7000   -3.4350   -4.2420   -4.7740   -5.7190   -0.1580   0.5600   0.1510
2.0000   3281.3800   3430.8600   34.9221   1.8270   0.3000   -1.5000   1.6000   5.6000   -2.3790   68.8830   -4.2720   -6.0990   -0.4810   0.3200   0.0830
2.0000   3271.1500   3410.9500   24.9954   0.7800   0.5000   1.9000   2.9000   4.9000   -2.5780   -4.1010   -5.1350   -5.9150   -0.4040   0.1260   0.0930
2.0000   3291.4000   3432.7700   45.0715   1.1950   1.3000   0.9000   1.5000   3.4000   -3.5380   -3.3440   -4.0340   -5.2290   0.0300   0.3770   0.2770
2.0000   3251.1900   3411.7700   9.2540   2.1610   -0.5000   2.6000   0.6000   5.9000   68.8730   -4.4290   -3.6890   -5.8500   0.0340   0.1960   0.3010
2.0000   3251.3600   3405.7100   15.1300   1.3700   1.3000   0.4000   1.6000   3.2000   -3.1210   -2.3250   -4.2150   -5.5850   -0.3410   0.7600   0.1400
2.0000   3274.1700   3457.2400   45.1086   1.1600   3.4000   1.5000   2.4000   5.2000   -4.3850   -3.7820   -4.5640   -5.7240   0.0950   1.0730   0.2180
2.0000   3254.9900   3377.4500   43.5789   2.2960   -0.6000   1.2000   0.9000   4.5000   68.8730   -3.6290   -3.3730   -5.6690   -0.0680   0.8880   0.1370
2.0000   3247.4900   3463.0000   42.5325   1.1500   1.7000   2.0000   2.1000   6.1000   -3.1830   -3.9390   -4.5290   -5.6790   -0.1630   0.5250   0.1360
2.0000   3284.3600   3424.9200   36.5925   -0.6440   -0.2000   1.6000   3.2000   2.3000   68.8730   -4.0610   -5.3710   -4.7270   -0.5760   0.4270   0.2540
2.0000   3274.0700   3442.6500   34.1983   0.7260   2.3000   2.1000   3.0000   4.9000   -3.7880   -4.1870   -5.0130   -5.7390   -0.6270   0.3550   0.0740
2.0000   3265.2500   3410.8400   19.7224   1.2610   -2.2000   2.8000   1.8000   6.6000   68.8730   -4.5480   -4.8880   -6.1490   -0.1350   0.2270   0.1640
2.0000   3249.0600   3454.8000   34.3442   1.8960   0.5000   -0.7000   1.4000   6.1000   -0.7370   68.8830   -3.8700   -5.7660   -0.1650   0.3890   0.1510
2.0000   3236.9800   3403.5400   20.2228   0.2750   -1.2000   2.2000   4.2000   5.3000   68.8730   -4.1380   -5.5450   -5.8200   -0.1810   0.5980   0.0980
2.0000   3208.8900   3414.8500   39.5505   0.6250   1.6000   2.1000   4.1000   6.1000   -3.2410   -3.9140   -5.1850   -5.8100   -0.3600   0.3750   0.0200
2.0000   3246.2600   3430.3900   10.0773   0.0910   2.3000   3.1000   4.3000   4.0000   -3.7430   -4.4860   -5.4500   -5.5410   -0.5310   0.1430   0.1240
2.0000   3233.1400   3404.9200   21.5363   0.8910   2.1000   3.2000   2.6000   5.6000   -3.6230   -4.5140   -4.9620   -5.8530   -0.3260   0.2720   0.0490
2.0000   3231.7400   3397.2000   28.4112   -0.1940   0.8000   0.2000   3.9000   3.7000   -2.4080   -1.1390   -5.4110   -5.2170   -0.7540   0.2060   0.1550
2.0000   3235.5900   3375.8800   46.2962   0.0630   0.3000   0.9000   4.0000   4.3000   -0.9460   -3.0170   -5.3670   -5.4300   -0.2310   0.6110   0.0350
2.0000   3208.1500   3397.8900   45.8370   0.9990   0.6000   1.6000   2.6000   7.0000   -3.0150   -3.5880   -4.8810   -5.8800   -0.0430   0.3410   0.0280
2.0000   3284.8300   3412.0500   37.7424   -0.2950   0.5000   0.7000   5.4000   4.1000   -1.0710   -3.1200   -5.9770   -5.6820   -0.2510   0.5740   0.0450
2.0000   3233.7500   3443.6000   27.1869   1.7160   3.9000   4.5000   0.7000   5.4000   -4.3230   -4.8320   -3.8620   -5.5780   -0.2210   0.9200   0.0230
2.0000   3295.8600   3411.1400   48.7228   1.0700   2.8000   1.2000   2.4000   4.0000   -4.4790   -3.7430   -4.8450   -5.9150   -0.0600   0.6670   0.1020
2.0000   3207.5300   3432.5900   42.2830   0.1810   1.3000   -0.3000   3.7000   2.6000   -3.1360   68.8830   -4.7950   -4.9760   -0.0510   0.6270   0.2430
2.0000   3226.6600   3440.7000   29.4325   1.5940   1.3000   0.4000   1.2000   4.6000   -3.0180   -2.0190   -3.6950   -5.2890   -0.7070   0.4030   0.0630
2.0000   3257.3700   3466.3500   46.8183   1.2400   -1.8000   0.1000   1.9000   6.3000   68.8730   0.7790   -4.5250   -5.7650   -0.2810   0.4530   0.1810
2.0000   3253.4300   3433.6600   14.2482   1.8660   2.5000   0.8000   1.3000   5.4000   -4.0360   -3.0830   -4.0140   -5.8800   0.0940   0.5710   0.8400
2.0000   3249.4200   3415.2800   5.3716   0.0640   2.3000   2.3000   2.7000   3.1000   -3.6620   -4.2930   -5.2410   -5.3050   -0.1460   0.3830   0.1530
2.0000   3237.8000   3461.2200   42.0157   1.8190   1.1000   1.9000   1.1000   5.4000   -3.0150   -3.8460   -3.8010   -5.6200   -0.0080   0.7300   0.3020
2.0000   3281.6800   3410.1100   35.2004   2.3970   1.0000   -1.0000   0.9000   5.5000   -2.7430   68.8830   -3.6220   -6.0190   -0.2920   0.1050   0.0600
2.0000   3228.8100   3396.5600   30.6837   2.4170   2.1000   0.9000   0.5000   5.4000   -3.6220   -2.9780   -3.2490   -5.6660   0.0990   0.8360   0.1580
2.0000   3238.8600   3378.0400   43.4125   1.6010   0.2000   0.1000   1.5000   5.2000   -2.1870   -0.9870   -4.2670   -5.8680   0.0760   1.4030   0.1860
2.0000   3255.5700   3420.4300   7.5311   0.2910   0.4000   0.8000   3.4000   3.5000   -0.9150   -3.1770   -5.1660   -5.4570   -0.0300   0.7940   0.0860
2.0000   3219.8500   3379.6500   49.6082   -0.1120   3.1000   2.3000   5.2000   3.9000   -4.0630   -4.0800   -5.5030   -5.3910   0.1000   0.2840   0.0210
2.0000   3269.0400   3440.4500   28.9862   1.0400   1.2000   0.7000   2.0000   3.6000   -3.2230   -3.0080   -4.5740   -5.6140   -0.5750   0.3180   0.1880
2.0000   3237.7200   3444.6200   26.2613   0.5110   2.0000   -0.7000   3.1000   3.9000   -3.3880   68.8830   -4.7470   -5.2580   0.0640   0.5480   0.2370
2.0000   3252.7000   3429.5200   10.1789   1.2330   1.4000   1.5000   1.7000   4.4000   -3.4440   -3.7950   -4.4070   -5.6400   -0.0710   0.7690   0.1760
2.0000   3235.0100   3395.1700   28.4587   0.7600   0.2000   0.9000   2.1000   3.2000   -1.7760   -3.1010   -4.4760   -5.2360   -0.1150   0.5860   0.1970
2.0000   3224.9300   3417.0200   23.3653   0.2840   1.3000   2.6000   2.8000   4.1000   -2.8490   -4.2350   -5.0010   -5.2850   0.0900   0.7650   0.1490
2.0000   3241.7300   3453.8200   33.9405   -0.1870   -0.3000   2.5000   3.6000   2.9000   68.8730   -4.1460   -5.1560   -4.9690   -0.4240   0.3150   0.1140
2.0000   3238.4800   3388.3100   33.5515   1.1060   2.2000   2.8000   2.3000   4.2000   -3.7180   -4.4210   -4.5600   -5.6660   -0.4900   0.4050   0.1590
2.0000   3222.7400   3396.3800   34.9344   0.9540   0.6000   1.3000   1.7000   3.8000   -2.2710   -3.4190   -4.4560   -5.4100   -0.6710   0.5480   0.1270
2.0000   3240.6800   3442.6800   23.3965   1.1300   1.7000   2.7000   1.9000   4.1000   -3.4960   -4.2740   -4.4110   -5.5410   -0.2590   0.5210   0.2400
2.0000   3268.0800   3451.5800   37.0056   -0.0820   -0.9000   2.3000   3.5000   3.1000   68.8730   -4.2400   -5.3710   -5.2890   0.0100   0.5610   0.1280
2.0000   3215.6200   3445.6000   41.0178   0.7900   5.1000   1.7000   2.5000   4.6000   -4.5820   -3.6370   -4.5260   -5.3160   -0.1270   0.2870   0.1420
2.0000   3243.0900   3415.8100   6.7983   0.6260   2.0000   2.5000   2.3000   3.9000   -3.6780   -4.3110   -4.9030   -5.5290   -0.0340   0.3400   0.1040
2.0000   3204.0200   3429.7200   44.9802   -0.1910   3.4000   1.9000   5.3000   3.6000   -4.0070   -3.7350   -5.4300   -5.2390   -0.0410   0.1450   0.0430
2.0000   3221.8900   3424.0600   26.3941   2.9150   -0.4000   0.6000   0.5000   4.3000   68.8730   -2.5980   -2.6100   -5.5250   -0.0830   0.4110   0.0760
2.0000   3203.9300   3421.1500   44.1142   1.2930   1.1000   2.3000   1.8000   4.1000   -2.9520   -3.9660   -4.1410   -5.4340   -0.7620   0.3540   0.1140
2.0000   3240.8700   3465.9400   46.0307   0.2640   1.7000   0.7000   3.5000   3.1000   -3.1260   -2.8040   -4.9240   -5.1880   0.1060   0.8770   0.1520
2.0000   3245.3700   3454.2300   33.8643   0.4150   4.0000   2.0000   3.6000   4.5000   -4.3550   -3.9370   -5.0790   -5.4940   -0.0070   0.3240   0.1030
2.0000   3274.0400   3423.8900   26.2248   0.9180   3.8000   0.8000   1.8000   3.2000   -4.5010   -3.2200   -4.4160   -5.3340   -0.0310   0.0620   0.0380
2.0000   3217.0200   3444.0500   38.9634   0.7480   1.9000   0.1000   2.3000   3.3000   -3.4800   0.0880   -4.1880   -4.9360   -0.1790   0.0840   0.4430
2.0000   3246.0100   3457.8600   37.4440   -0.4560   2.3000   0.2000   4.4000   3.2000   -3.7200   -0.8690   -5.3710   -4.9150   -0.0950   0.2600   0.1290
2.0000   3222.9400   3449.1800   38.1335   1.1840   1.9000   1.5000   1.8000   4.2000   -3.4500   -3.5470   -4.0120   -5.1960   0.1200   0.4460   0.0390
2.0000   3265.2900   3401.7800   25.4352   -0.0290   2.1000   0.5000   3.1000   2.5000   -3.7560   -2.6750   -5.2320   -5.2030   -0.1160   0.1220   0.1620
2.0000   3239.7200   3461.2700   41.6385   0.5370   -2.3000   0.7000   2.9000   5.0000   68.8730   -2.6000   -5.1360   -5.6730   -0.0280   0.5040   0.2790
2.0000   3207.5900   3426.9200   40.9599   0.4250   2.6000   1.0000   3.2000   3.0000   -3.7730   -3.1730   -4.6800   -5.1050   -0.3390   0.2170   0.1110
2.0000   3256.7700   3428.3100   11.7337   0.2340   1.3000   0.3000   3.2000   3.7000   -3.4810   -2.3240   -5.2070   -5.4410   -0.3830   0.7050   0.0680
2.0000   3255.0100   3464.2000   44.2812   0.9800   2.2000   -1.4000   0.5000   3.1000   -3.7360   68.8830   -3.8990   -4.8790   -0.2040   1.0340   0.0830
2.0000   3256.5400   3447.3700   28.2103   -0.1700   1.9000   1.0000   3.3000   2.2000   -3.5770   -3.3940   -5.0400   -4.8700   -0.2390   0.5920   0.1360
2.0000   3251.5600   3453.3100   33.0272   1.2990   3.0000   1.5000   0.5000   3.4000   -4.0360   -3.6980   -3.8640   -5.1630   -0.1250   1.0150   0.2000
2.0000   3213.2600   3455.4200   49.3053   2.7290   2.0000   1.6000   0.5000   4.0000   -3.3560   -3.5880   -2.4530   -5.1820   -0.0580   0.1720   0.1280
2.0000   3241.4800   3437.8300   18.5568   1.7570   3.9000   2.3000   0.4000   3.1000   -4.3370   -4.1330   -3.4550   -5.2120   0.0770   0.9170   0.1140
2.0000   3271.9600   3458.3000   44.7577   0.5190   2.1000   0.6000   2.7000   3.4000   -3.6840   -2.8040   -4.8860   -5.4050   0.0020   0.3240   0.3380
2.0000   3213.0600   3390.3400   46.1672   -1.2400   4.0000   1.0000   3.1000   1.0000   -4.2630   -3.1410   -4.7450   -3.5050   -0.1650   0.1890   0.2460
2.0000   3223.2800   3462.9000   49.1246   -0.1000   3.1000   -0.8000   3.4000   3.1000   -3.9400   68.8830   -5.0860   -4.9860   -0.2240   0.2760   0.6580
2.0000   3219.5900   3408.6700   30.7995   0.5320   0.8000   0.8000   2.1000   3.1000   -2.8020   -2.8160   -4.4630   -4.9950   -0.2590   0.1250   0.9390
2.0000   3237.5600   3465.6800   46.4076   -0.1700   3.8000   2.2000   3.2000   2.2000   -4.1490   -3.9290   -4.8980   -4.7280   -0.0480   0.1390   0.0710
2.0000   3247.8600   3383.4000   37.0714   1.2130   -0.5000   2.2000   1.7000   3.6000   68.8730   -4.1830   -4.3280   -5.5410   -0.3000   0.4570   0.1050
2.0000   3226.1100   3410.3000   24.1729   1.8940   2.6000   -0.7000   0.5000   3.8000   -3.8320   68.8830   -3.5600   -5.4540   -0.1740   0.1180   0.0680
2.0000   3223.0500   3410.2200   27.0099   0.7800   0.9000   -2.2000   2.3000   4.5000   -2.8970   68.8830   -4.6150   -5.3950   -0.3310   0.1890   0.2490
2.0000   3219.7000   3441.7000   35.4086   0.0970   -1.1000   2.7000   3.6000   3.6000   68.8730   -4.2230   -5.0890   -5.1860   -0.1550   0.5870   0.0970
