# Object   Xpix        Ypix     DisFromSN  S/N 435  S/N 555  S/N 625  S/N 814   Sharp      435        555       625      814     Round      435     555       625     814      Crowd     435      555       625     814
1.0000   2399.9500   1565.4000   20.3880   3.0000   3.9000   6.9000  11.4000   -0.1410   -0.5220   -0.4970   -0.0860   -0.1070   0.2510  -0.2430   0.2970   0.3830  -0.1550   0.2520   0.8020   0.7290   0.4250   0.3590
1.0000   2419.5300   1583.4900   19.4879   4.4000   7.6000   6.2000   9.9000   -0.1420   -0.1940    0.0330    0.5470   -0.1760   0.1480   0.2600   0.2990   0.0120  -0.1870   0.0280   0.0230   0.0310   0.0620   0.0770
1.0000   2426.0700   1569.4500    7.9319   4.3000   3.7000   9.4000  14.7000   -0.2280   -0.2660   -0.5100   -0.3130   -0.1780   0.1720   0.0240   0.3460   0.1530   0.1610   0.0710   0.1740   0.1800   0.1210   0.1130
1.0000   2413.2400   1561.7700    7.4004   3.4000   5.6000   4.7000  17.1000   -0.0180    0.0330   -0.4110   -0.3170   -0.2230   0.2850   0.4050   0.3310   0.3230   0.1410   0.0840   0.2670   0.1560   0.2720   0.1100
1.0000   2416.6400   1554.6800   10.0254   8.1000   7.3000   5.9000   4.1000   -0.3850   -0.2110   -0.2560   -0.1050   -0.1050   0.2630   0.0520   0.3750   0.5870   1.5390   0.0230   0.0310   0.0180   0.0450   0.0810
1.0000   2400.8900   1559.2600   19.9757   7.1000   6.0000   7.5000   7.7000   -0.1450    0.0110   -0.2820   -0.1990    0.0200   0.0440   0.1530  -0.2430   0.0290   0.0490   0.0650   0.1030   0.0820   0.1180   0.1560
1.0000   2428.8600   1581.5900   19.5509   1.2000   1.8000   3.6000   9.6000    0.3450    2.0230    0.8430    0.1780    0.1920   0.1820  -3.4230   2.7860   0.3610   0.0650   0.0570   0.3750   0.2770   0.1000   0.0810
1.0000   2401.7700   1564.0800   18.5211   6.2000   5.1000   3.3000   3.1000   -0.0350   -0.6170   -0.3640   -0.0160   -0.4300   0.1440   0.1880   0.1390   0.1530   0.7590   0.4430   0.4590   0.5510   0.7890   0.8030
1.0000   2410.7600   1562.4800    9.6541   4.6000   4.4000   6.4000   7.2000   -0.2690   -0.7440   -0.2060   -0.2830   -0.4040   0.1620   0.1900  -0.4680  -0.0380   0.1490   0.1600   0.2500   0.3540   0.2020   0.4730
1.0000   2423.6800   1568.0000    5.2297   5.0000   3.8000   5.5000   5.8000    0.0950    0.0170    0.6410   -0.2810   -0.0090   0.6590  -0.0570   0.4600  -0.2920   0.3030   0.1100   0.1390   0.2260   0.2190   0.3250
1.0000   2398.9200   1563.2600   21.3844   2.6000   2.6000   3.9000   8.3000   -0.2120   -1.4010   -0.5460   -0.4290   -0.3980   0.0900   0.0930   0.1610  -0.3730  -0.1720   0.1710   0.5870   0.3060   0.2570   0.2990
1.0000   2408.7600   1559.7900   12.2813   3.3000   4.3000   5.8000   6.4000   -0.3560   -0.1900   -0.2490   -0.0270   -0.5950   0.3200   0.7960   0.6070   0.3990   0.2790   0.0690   0.2490   0.1360   0.1170   0.1590
1.0000   2436.3500   1573.1900   18.4942   3.3000   4.6000   5.8000  10.6000   -0.1240   -0.0830   -0.4500   -0.1130   -0.2130   0.0660  -0.0260   0.2650   0.1100  -0.0170   0.0570   0.3940   0.0740   0.1100   0.0660
2.0000   2426.2000   1549.8700   15.3315  -1.4000  -1.8000   3.2000  10.3000    0.3100    9.9990    0.0000    0.6820   -0.0330   0.6140   9.9990   0.0000   1.2290   0.4340   0.0100   1.7060   0.0000   0.0240   0.0230
1.0000   2437.9700   1568.4700   18.2312   2.3000   3.4000   5.4000   5.7000    0.0700   -1.0590   -0.2300   -0.3510   -0.4410   0.1570  -0.0120  -0.4720   0.2290   0.1980   0.1230   0.7030   0.1690   0.3370   0.1160
2.0000   2412.4400   1553.9300   12.7822   2.4000   2.6000   4.4000   3.5000   -0.5820   -0.9970   -0.5030    0.1020   -0.3890   0.2440   0.3380  -0.4720   0.7280   0.9940   0.0400   0.1680   0.1050   0.0930   0.1420
2.0000   2441.1200   1569.6100   21.5668   3.4000   3.4000   3.9000   2.4000   -0.7240   -0.3060   -0.9010   -0.1470    0.2250   1.1580   0.0900   0.1310  -0.1220   0.3640   0.0690   0.1260   0.0810   0.1710   0.2110
2.0000   2416.4000   1545.3400   19.0780   2.5000   3.7000   4.6000   7.2000    0.0230   -0.1450   -0.4590   -0.0260   -0.0080   0.3530   0.7110   0.9950   0.4030   0.3570   0.0260   0.0720   0.0920   0.0510   0.0450
2.0000   2415.6300   1550.9200   13.9017   2.3000   0.6000   3.4000   4.1000   -0.2820   -1.4350   -1.2430   -0.3510   -0.6390   0.4270   0.1780  -0.1620   0.1510   0.7260   0.0390   1.0910   1.7520   0.0780   0.0720
2.0000   2400.7500   1567.1000   19.7827  -0.7000   0.6000   3.7000   6.4000   -0.1530    0.0000   -0.5020   -0.2430   -0.0620   0.4100   0.0000   1.6520   0.0200  -0.0360   0.3960   9.9990   0.2720   0.7250   0.7540
2.0000   2427.5300   1575.2800   13.3887   1.7000   2.0000   3.9000   4.8000   -0.0750   -1.1100    0.3380    0.1830    0.5600   0.4470   0.4250   0.7170  -0.3550   0.2500   0.1100   0.5440   1.2170   0.3230   0.3460
2.0000   2434.4300   1561.7200   14.3244   2.6000   0.5000   4.1000   4.8000    0.3860    0.1980    0.7000    0.0430    0.0730   0.5170   0.1130  -1.6910  -1.4380  -0.8720   0.0750   0.0620   0.2790   0.0790   0.3750
2.0000   2420.5800   1563.3500    0.7269   4.5000   3.6000   3.6000   0.7000    0.0430   -0.6740    0.2250   -0.4880    0.4330   0.2850   0.0080  -1.1340   0.7960   1.1510   0.0200   0.0400   0.0450   0.0970   0.7240
2.0000   2433.6300   1548.4500   20.5003   0.0000   3.0000   4.2000   4.0000   -0.3930   -3.6910    0.0400   -0.5600   -0.4830   0.6050  -0.1430  -0.0010   0.0240  -0.3560   0.0150   0.0170   0.0230   0.0520   0.0570
2.0000   2442.2300   1565.5200   21.9904   0.6000   1.1000   4.2000   4.3000    0.2260    2.5280   -0.1580   -0.7720   -0.6780   0.9750  -0.2680  -0.2860  -0.2640   0.2850   0.0490   0.1100   0.1170   0.2370   0.0620
2.0000   2432.8800   1566.9900   12.9353   1.7000   1.0000   3.4000   4.6000    0.0340   -0.0020    0.6600   -0.3460    0.3510   0.1840  -0.0330  -0.0120   0.2400   0.7150   0.0950   0.3460   0.2320   0.1360   0.1610
2.0000   2407.7200   1563.0100   12.6113   3.7000   0.2000   3.0000   3.4000   -0.4020   -0.7000   -1.1970   -0.5870   -0.6550   0.6130   0.0660   2.0330  -0.2810   0.2250   0.1320   0.3050   5.5710   0.3330   0.4450
2.0000   2422.5000   1580.8600   16.9872   0.8000   1.0000   3.8000   5.4000    0.3640   -3.0760   -2.1580    0.4020   -0.3780   0.3330   0.1270  -1.4450  -0.2680  -0.0430   0.0900   1.0550   0.9200   0.3650   0.1690
