2360.42 1598.83
2445.87 1520.51
2356.01 1546.79
2348.04 1550.86
2436.40 1609.79
2414.48 1609.52
2368.09 1619.47
2367.36 1540.33
2397.85 1610.37
2393.48 1554.19
2385.33 1596.25
2476.40 1511.31
2384.54 1536.53
2377.41 1622.81
2366.55 1551.39
2358.23 1604.10
2394.99 1537.39
2399.27 1646.24
2498.35 1592.50
2380.84 1614.75
2396.93 1547.43
2391.67 1622.26
2389.56 1613.32
2389.09 1603.39
2376.51 1604.40
2478.78 1532.39
2470.22 1632.48
2472.94 1538.32
2408.18 1552.75
2422.33 1513.10
2412.75 1560.13
2395.18 1560.92
2444.88 1593.33
2383.42 1551.32
2433.91 1518.76
2427.22 1546.24
2399.00 1617.19
2389.59 1630.36
2434.68 1565.90
2359.77 1540.16
2471.59 1530.91
2466.26 1533.64
2386.39 1564.39
2438.90 1587.93
2405.89 1609.98
2362.69 1606.83
2407.24 1514.34
2491.23 1605.42
2416.39 1522.63
2425.20 1506.35
2414.01 1615.27
2360.26 1560.33
2410.48 1644.91
2356.94 1517.87
2423.07 1644.07
2379.12 1596.21
2419.63 1510.66
2354.55 1536.21
2363.31 1536.47
2429.04 1556.39
2448.27 1507.79
2447.68 1571.47
