2359.92 1598.83
2445.37 1520.51
2355.51 1546.79
2347.54 1550.86
2438.38 1473.28
2435.90 1609.79
2413.98 1609.52
2367.59 1619.47
2511.30 1604.61
2368.73 1623.77
2366.86 1540.33
2397.35 1610.37
2392.98 1554.19
2384.83 1596.25
2475.90 1511.31
2384.04 1536.53
2376.91 1622.81
2366.05 1551.39
2357.73 1604.10
2394.49 1537.39
2398.77 1646.24
2497.85 1592.50
2361.14 1492.19
2380.34 1614.75
2396.43 1547.43
2391.17 1622.26
2379.35 1630.42
2389.06 1613.32
2388.59 1603.39
2392.91 1658.08
2372.16 1535.31
2405.30 1507.15
2376.01 1604.40
2478.28 1532.39
2473.79 1617.05
2328.00 1558.61
2427.02 1660.71
2469.72 1632.48
2472.44 1538.32
2463.34 1521.35
2517.12 1591.26
2379.82 1481.91
2407.68 1552.75
2421.83 1513.10
2425.30 1482.01
2472.20 1646.19
2412.25 1560.13
2394.68 1560.92
2400.87 1661.70
2444.38 1593.33
2382.92 1551.32
2433.41 1518.76
2426.72 1546.24
2380.88 1526.66
2398.50 1617.19
2447.03 1497.69
2377.85 1561.47
2505.14 1591.35
2463.06 1615.52
2448.43 1658.62
2389.09 1630.36
2434.18 1565.90
2359.27 1540.16
2471.09 1530.91
2465.76 1533.64
2408.87 1667.93
2382.87 1566.91
2385.89 1564.39
2335.99 1595.72
2344.87 1617.20
2438.40 1587.93
2405.39 1609.98
2404.31 1669.69
2416.96 1635.57
2362.19 1606.83
2406.74 1514.34
2490.73 1605.42
2415.89 1522.63
2345.02 1627.66
2422.89 1556.79
2416.62 1658.75
2373.96 1484.99
2424.70 1506.35
2413.51 1615.27
2359.76 1560.33
2409.98 1644.91
2486.57 1596.14
2337.46 1628.51
2356.44 1517.87
2422.57 1644.07
2365.69 1594.30
2379.37 1558.06
2378.62 1596.21
2405.48 1532.99
2419.13 1510.66
2474.41 1547.95
2432.72 1587.44
2425.55 1522.20
2354.05 1536.21
2434.46 1560.48
2459.49 1657.35
2362.81 1536.47
2428.54 1556.39
2345.31 1582.23
2483.90 1604.21
2409.73 1661.84
2478.41 1592.28
2352.54 1527.59
2447.77 1507.79
2396.39 1510.41
2500.00 1525.22
2460.78 1620.52
2387.42 1481.37
2447.18 1571.47
2482.95 1636.63
2490.10 1581.62
2384.42 1663.21
2471.95 1655.77
2419.28 1651.20
2390.03 1501.74
2347.46 1582.57
2451.03 1520.88
2479.12 1650.27
2453.90 1510.77
2439.61 1600.85
2428.92 1647.57
2372.12 1529.25
2352.18 1591.03
2350.77 1617.09
2445.95 1505.41
2337.07 1589.31
2339.61 1602.41
2444.23 1492.23
2349.81 1519.00
2413.46 1552.12
2515.37 1580.32
2442.27 1654.74
2465.93 1659.33
2423.38 1654.43
2419.39 1520.66
2355.09 1634.43
2404.94 1604.77
2427.89 1494.19
2432.83 1502.30
2437.46 1552.10
2499.15 1603.32
2392.96 1642.66
2459.38 1633.54
2426.91 1475.31
